[0.00235715]
[0.00230751]
[0.00234908]
[0.00383222 0.00159009]
[0.00916075 0.00235198]
[0.00235785]
[0.00231674]
[0.00243047]
[0.00701161]
[0.00283529 0.00044993]
[0.00287327 0.00050927]
[-0.0075185  -0.01090924]
[0.003039   0.00066026]
[0.0027572  0.00030545]
[0.00287761 0.00046792]
[ 0.00083694 -0.00251069]
[0.00275474 0.00028999]
[0.00275896 0.0003203 ]
[0.00274895 0.00027967]
[0.00254184]
[0.00242911]
[0.00733897]
[0.00243246]
[0.00253392]
[0.00253937]
[0.00254014]
[0.00255275]
[0.0025389]
[0.00252901]
[0.00254354]
[0.0073243]
[0.00274935 0.00028408]
[0.00269911 0.0002326 ]
[0.00274419 0.00029269]
[0.00273369 0.00028341]
[0.00253482]
[0.00254211]
[0.00273455]
[-0.00283835]
[0.0026144]
[0.00250009]
[0.00259035]
[0.00248672]
[0.00253007]
[0.00243861]
[0.00253308]
[0.00242478]
[0.00246071]
[0.00239956]
[0.00245666]
[0.00238601]
[0.00240772]
[0.00239531]
[0.0060421]
[0.00239275]
[0.0059573]
[-0.00116513]
[0.0026371]
[0.00265652]
[0.00260808]
[0.00260195]
[0.00258856]
[0.00260236]
[0.00254033]
[0.00252851]
[0.00253278]
[0.0025327]
[0.00247916]
[0.00246146]
[0.00246154]
[0.0024821]
[-0.00141182]
[0.00243249]
[ 0.04829093  0.01573758 -0.06772297 -0.03763779]
[-0.02298025 -0.02060184  0.01772073  0.01298958]
[ 0.0657163  -0.07907001 -0.25518765 -0.11637892]
[0.00531951 0.26341933 0.43222968 0.17533641]
[ 0.02989042  0.00865944 -0.00775573 -0.01990058]
[-0.04801541 -0.14428283  0.00282275 -0.05485135]
[0.01353422 0.0310653  0.06839797 0.05462725]
[ 0.03881329 -0.03601874  0.0245505  -0.0122992 ]
[ 0.00932484 -0.02872875 -0.00778621 -0.01393964]
[0.00227301 0.01744854 0.00757748 0.00840028]
[-0.00240661 -0.00579191 -0.00102515  0.00219962]
[0.00300741]
[-0.00087256]
[0.00400123]
[0.00274836]
[-0.00391807 -0.00313618]
[0.00337399 0.00289119]
[0.00406164 0.0061941 ]
[-0.00396809 -0.00317153]
[0.0037487  0.00493759]
[-0.00117168]
[0.0011529]
[0.00243435]
[0.00118434]
[0.0079116]
[0.00118963]
[0.00274931]
[0.00244913]
[0.00210609]
[-0.00118878]
[0.00015615]
[0.00335679]
[0.00399729]
[ 0.00156114 -0.0037712 ]
[0.00816757 0.00999674]
[0.00378633 0.00683646]
[-0.00319905 -0.00048015]
[0.00799745 0.01399907 0.01036434 0.00487545]
[ 0.0014449  -0.00465536 -0.00418456 -0.00277814]
[ 0.00697402  0.00665683  0.00377828 -0.00032857]
[ 0.00126117 -0.00465807 -0.00399427 -0.00246351]
[-8.39118015e-05 -5.29030921e-04  5.47771292e-05  2.67314103e-03]
[ 0.00302386 -0.0005447   0.00701889  0.00043627]
[0.00206646 0.00303979 0.00257658 0.00307735]
[-0.00817183 -0.03103469 -0.02390657 -0.01797071]
[-0.00143976  0.00156445  0.00506553  0.01284781]
[ 0.00310355 -0.00413325 -0.00380453 -0.00416008]
[ 0.0072023  -0.00678533 -0.00723448 -0.01088172]
[-0.0041479  -0.00840929 -0.00496684  0.00144162]
[0.0058722  0.00211956 0.00096653 0.00362537]
[-0.00256529 -0.00503325 -0.00305073  0.00193168]
[0.00458582 0.00431498 0.00308345 0.0009341 ]
[0.00337445 0.00307354 0.00267826 0.00737412]
[-0.01321149 -0.03459801 -0.02547878 -0.00942337]
[-0.00161775 -0.00608421 -0.00273244  0.00643205]
[ 0.0010394  -0.00985423 -0.00779272 -0.00611587]
[0.01437813 0.01260351]
[ 0.00203061 -0.00165255]
[ 0.00834233  0.00207775 -0.00281168 -0.00705806 -0.00255561 -0.00149003
  0.0035674   0.00062378]
[ 0.00834589  0.00069995  0.00038765 -0.00322408  0.00037762 -0.00342516
  0.00095816 -0.00121563]
[-0.01727134 -0.01934135  0.0021818   0.02376272  0.00871304 -0.006826
 -0.01504729 -0.00500636]
[-0.00347034  0.00655978 -0.00993177  0.00430482 -0.01125741 -0.00356416
 -0.00567291  0.00137385]
[-6.77448980e-03 -3.27041184e-05  7.19283288e-03  5.23573031e-03
 -7.22438275e-03 -9.03290683e-04  4.81033371e-03  7.78754953e-03]
[-0.00498765 -0.00646458]
[0.00281848 0.0010695 ]
[0.00285508 0.00074061]
[-0.00353272 -0.00139435]
[-0.00350998 -0.00139193]
[0.00880729 0.00212654]
[0.00266575 0.00030222]
[0.00259157 0.00022601]
[0.00258504 0.00021065]
[ 0.0022251  -0.00019123]
[0.00326483 0.00092576]
[0.00266687 0.00029243]
[0.00333209 0.0009948 ]
[0.00279923 0.00043705]
[-0.00542695  0.263721    0.45244793  0.18480957]
[ 0.02096656 -0.25824342 -0.46599359 -0.19300051]
[-0.06222589 -0.0061207   0.1216603   0.06320225]
[ 0.20976435  0.26212409  0.02009567 -0.03464347]
[ 0.00263807 -0.2588409  -0.43950431 -0.1804478 ]
[0.01945843 0.21328007 0.32426861 0.12809301]
[0.00435039 0.26175583 0.43011601 0.17391801]
[-0.00070732 -0.23964497 -0.44896994 -0.21636045]
[-3.39244826e-04  2.61262009e-01  4.39085372e-01  1.78709045e-01]
[0.00237889]
[0.00217477]
[0.00239353]
[0.00237409]
