 0 1926.91 1926.91 13333 830 1445 5500 39.0436 44.9977 13885.7 14394.9 26.8617 7916.68 14546.9 22.9266 110.126 9452.58 4747.25 16829.3 13000 17.9391
 1 1919.14 1919.14 12625 830 1445 5500 39.7622 44.9977 13788.9 14357 26.8617 7920.23 14536.4 19.6416 110.093 9451.05 4743.25 16829.3 13000 17.9391
 2 1911.4 1911.4 11987 830 1445 5500 38.8953 44.9977 13677.6 14359.7 26.8617 7915.55 14524.1 16.7558 109.735 9451.48 4719 16829.3 13000 17.9391
 3 1903.74 1903.74 11411 830 1445 5500 40.6405 44.9977 13562.3 14356.1 26.8617 7922.34 14515.2 14.2578 109.052 9455 4675 16829.3 13000 17.9391
 4 1896.15 1896.15 10888 830 1445 5500 40.207 44.952 13449.5 14305.4 26.8617 7915.39 14502.3 12.1363 108.205 9459.69 4620.5 16829.3 13000 17.9391
 5 1888.61 1888.61 10411 830 1445 5500 40.4238 44.8494 13338.9 14304.6 26.8617 7912.03 14492 10.4367 107.294 9463.79 4563 16829.3 13000 17.9391
 6 1881.13 1881.13 9974 830 1445 5500 40.7317 44.4844 13228.8 14303.9 26.8617 7914.8 14472.5 9.15922 106.359 9466.37 4506.5 16829.3 13000 17.9391
 7 1873.71 1873.71 9572 830 1445 5500 40.9827 43.6973 13120.5 14307.5 26.8617 7912.77 14461.3 8.2125 105.415 9466.95 4454 16829.3 13000 17.9391
 8 1866.35 1866.35 9201 830 1445 5500 39.6139 42.5795 13012.8 14249.8 26.8617 7906.09 14444.6 7.665 104.36 9466.88 4394 16829.3 13000 17.9391
 9 1859.05 1859.05 8858 830 1445 5500 40.2527 41.4389 12900.4 14247.6 26.8617 7906.88 14427.1 7.32281 103.104 9467.27 4314.25 16829.3 13000 17.9391
 10 1851.79 1851.79 8539 830 1445 5500 40.0816 40.3553 12779.4 14221.2 26.8617 7905.31 14409.2 7.14031 101.705 9468.01 4219 16829.3 13000 17.9391
 11 1844.61 1844.61 8243 830 1445 5500 40.4352 39.2717 12656.4 14223 26.8617 7904.34 14397.1 7.02625 100.24 9468.79 4119 16829.3 13000 17.9391
 12 1837.46 1837.46 7966 830 1445 5500 40.1044 38.0741 12539 14195.6 26.8617 7901.88 14363.4 6.90078 98.7707 9469.53 4023.25 16829.3 13000 17.9391
 13 1830.39 1830.39 7708 830 1445 5500 40.8344 36.7966 12428.9 14164.3 26.8617 7900.9 14354.5 6.77531 97.3477 9470.27 3935.25 16829.3 13000 17.9391
 14 1823.37 1823.37 7466 830 1445 5500 40.3439 35.4848 12319 14133 26.8617 7897.7 14330.3 6.58141 95.9435 9471.02 3850.25 16829.3 13000 17.9391
 15 1816.39 1816.39 7238 830 1445 5500 40.207 34.1389 12202.5 14128.9 26.8617 7900.08 14309.8 6.45594 94.5159 9471.6 3765.25 16829.3 13000 17.9391
 16 1809.47 1809.47 7024 830 1445 5500 40.6291 32.7245 12080.7 14114.5 26.8617 7900.2 14285.9 6.45594 93.0139 9471.84 3677.25 16829.3 13000 17.9391
 17 1802.59 1802.59 6822 830 1445 5500 39.7052 31.4356 11958.2 14058 26.8617 7898.09 14266.3 6.71828 91.4887 9471.37 3590.25 16829.3 13000 17.9391
 18 1795.8 1795.8 6632 830 1445 5500 39.9675 30.4091 11840 14023.2 26.8617 7900.94 14241.4 7.26578 89.9635 9470.51 3505.25 16829.3 13000 17.9391
 19 1789.04 1789.04 6452 830 1445 5500 39.9903 29.5992 11724.8 14017.1 26.8617 7899.18 14217.3 7.99578 88.4383 9469.57 3420.5 16829.3 13000 17.9391

