 0 1955.18 1955.18 16667 830 1445 14000 39.0208 44.9977 14295.8 14400.4 26.8617 7920.31 14582.1 44.9977 106.834 9446.99 4508.5 16829.3 13000 37.8319
 1 1948.34 1948.34 15726 830 1445 14000 38.8497 44.9977 14180.7 14400.3 26.8617 7919.34 14580.2 14.9992 109.335 9452.73 4666.75 16829.3 13000 37.8319
 2 1941.54 1941.54 14885 830 1445 14000 37.8003 44.9977 14068.1 14378.6 26.8617 7916.6 14570.8 27.2838 109.903 9453.79 4717.25 16829.3 13000 37.8319
 3 1934.8 1934.8 14130 830 1445 14000 40.5036 44.9977 13976.8 14396.6 26.8617 7921.29 14550.9 23.5311 109.977 9453.67 4734.75 16829.3 13000 37.8319
 4 1928.11 1928.11 13448 830 1445 14000 39.0664 44.9977 13899.3 14394.3 26.8617 7916.56 14547.8 20.4856 110.107 9452.85 4746.25 16829.3 13000 37.8319
 5 1921.46 1921.46 12829 830 1445 14000 40.0588 44.9977 13819.3 14357.4 26.8617 7920.12 14540.9 17.9762 110.135 9451.37 4746.5 16829.3 13000 37.8319
 6 1914.85 1914.85 12264 830 1445 14000 39.1691 44.9977 13728.8 14357.1 26.8617 7918.05 14537.5 15.8433 109.945 9450.94 4732.5 16829.3 13000 37.8319
 7 1908.3 1908.3 11747 830 1445 14000 40.9484 44.9977 13631 14352.9 26.8617 7922.62 14520 14.0183 109.494 9452.58 4703.25 16829.3 13000 37.8319
 8 1901.79 1901.79 11272 830 1445 14000 39.5341 44.9977 13532.9 14351 26.8617 7912.7 14509.8 12.467 108.847 9456.17 4662 16829.3 13000 37.8319
 9 1895.31 1895.31 10833 830 1445 14000 40.7887 44.952 13437.2 14323 26.8617 7914.96 14498.9 11.2238 108.108 9460.2 4614.25 16829.3 13000 37.8319
 10 1888.89 1888.89 10428 830 1445 14000 39.9333 44.8608 13343 14304.1 26.8617 7912.03 14488.2 10.1744 107.327 9463.67 4565 16829.3 13000 37.8319
 11 1882.51 1882.51 10052 830 1445 14000 40.8116 44.587 13249.1 14305.6 26.8617 7913.55 14470.1 9.3075 106.532 9466.02 4516.75 16829.3 13000 37.8319
 12 1876.16 1876.16 9701 830 1445 14000 40.8116 44.0167 13156 14306.7 26.8617 7911.99 14462 8.66875 105.736 9466.91 4471.25 16829.3 13000 37.8319
 13 1869.87 1869.87 9375 830 1445 14000 40.093 43.1384 13064.7 14285.9 26.8617 7910.08 14446.1 8.15547 104.881 9466.91 4424.25 16829.3 13000 37.8319
 14 1863.62 1863.62 9070 830 1445 14000 41.1081 42.1461 12971.6 14250.1 26.8617 7909.73 14436.6 7.77906 103.914 9466.95 4367 16829.3 13000 37.8319
 15 1857.41 1857.41 8784 830 1445 14000 40.6861 41.1994 12873.6 14249.6 26.8617 7905.12 14422.6 7.43688 102.807 9467.38 4294.5 16829.3 13000 37.8319
 16 1851.22 1851.22 8515 830 1445 14000 40.2755 40.2869 12769.7 14222.3 26.8617 7904.77 14408.5 7.20875 101.598 9468.05 4211.5 16829.3 13000 37.8319
 17 1845.11 1845.11 8263 830 1445 14000 40.093 39.3516 12664.8 14222.7 26.8617 7903.13 14387.9 7.02625 100.342 9468.75 4126 16829.3 13000 37.8319
 18 1839.02 1839.02 8025 830 1445 14000 40.2527 38.3478 12563.8 14196.3 26.8617 7902.38 14370.4 6.84375 99.0915 9469.38 4043.5 16829.3 13000 37.8319
 19 1832.96 1832.96 7800 830 1445 14000 40.8344 37.2756 12468.5 14193.8 26.8617 7903.87 14353.4 6.71828 97.8639 9470 3966.75 16829.3 13000 37.8319
 20 1826.96 1826.96 7588 830 1445 14000 40.0702 36.1578 12375.7 14161.2 26.8617 7898.13 14335.4 6.58141 96.6596 9470.66 3893.5 16829.3 13000 37.8319
 21 1820.97 1820.97 7386 830 1445 14000 40.458 35.04 12280 14128.2 26.8617 7897.62 14320.8 6.52437 95.4459 9471.25 3820.5 16829.3 13000 37.8319
 22 1815.06 1815.06 7196 830 1445 14000 40.7545 33.8766 12179.8 14123 26.8617 7899.61 14298.4 6.45594 94.2183 9471.64 3748 16829.3 13000 37.8319
 23 1809.14 1809.14 7014 830 1445 14000 40.6063 32.6561 12074.7 14108 26.8617 7900.7 14284 6.45594 92.9442 9471.84 3673.25 16829.3 13000 37.8319
 24 1803.29 1803.29 6842 830 1445 14000 39.7166 31.5611 11970.5 14058.8 26.8617 7899.18 14261.9 6.58141 91.6422 9471.41 3598.75 16829.3 13000 37.8319
 25 1797.47 1797.47 6678 830 1445 14000 40.1728 30.6486 11868.8 14025.7 26.8617 7899.77 14238.8 6.77531 90.3448 9470.74 3526.25 16829.3 13000 37.8319
 26 1791.71 1791.71 6522 830 1445 14000 39.8306 29.8958 11770.3 14019.8 26.8617 7899.84 14225.7 7.08328 89.0568 9469.88 3455.25 16829.3 13000 37.8319
 27 1785.97 1785.97 6373 830 1445 14000 39.842 29.3255 11672.3 13981.6 26.8617 7898.13 14204.4 7.55094 87.713 9469.3 3379.75 16829.3 13000 37.8319
 28 1780.24 1780.24 6230 830 1445 14000 39.0778 29.0289 11572.2 13971.6 26.8617 7898.91 14190.6 8.15547 86.3784 9468.91 3304 16829.3 13000 37.8319
 29 1774.59 1774.59 6094 830 1445 14000 39.5569 29.2114 11469.2 13935.4 26.8617 7896.41 14156.7 8.81703 84.9648 9469.3 3220.25 16829.3 13000 37.8319
 30 1768.93 1768.93 5963 830 1445 14000 39.785 29.7475 11363.7 13933 26.8617 7897.07 14130.3 9.59266 83.5605 9470.08 3136.5 16829.3 13000 37.8319
 31 1763.33 1763.33 5838 830 1445 14000 39.9447 30.1923 11259.1 13908.5 26.8617 7895.55 14103 10.4367 82.1236 9471.8 3048.5 16829.3 13000 37.8319
 32 1757.76 1757.76 5718 830 1445 14000 40.5378 30.2266 11157.1 13877 26.8617 7894.18 14089.2 11.3492 80.7054 9473.71 2962 16829.3 13000 37.8319
 33 1752.23 1752.23 5603 830 1445 14000 39.8534 29.8388 11058.1 13838.1 26.8617 7894.22 14057.9 12.2845 79.2685 9476.17 2872.75 16829.3 13000 37.8319
 34 1746.76 1746.76 5493 830 1445 14000 39.8534 29.2913 10960.3 13830.2 26.8617 7895.82 14040.7 13.2427 77.8782 9478.52 2786.5 16829.3 13000 37.8319
 35 1741.31 1741.31 5387 830 1445 14000 39.1348 28.8008 10860.2 13789.3 26.8617 7895.31 14020.5 14.1552 76.3949 9480.78 2692.25 16829.3 13000 37.8319
 36 1735.9 1735.9 5285 830 1445 14000 37.1159 28.5156 10756.4 13750.2 26.8617 7897.46 13984.7 14.9992 74.9673 9482.97 2601.5 16829.3 13000 37.8319
 37 1730.47 1730.47 5186 830 1445 14000 38.9752 28.3445 10648.7 13743 26.8617 7896.99 13966.4 15.7064 73.4653 9484.61 2503.75 16829.3 13000 37.8319
 38 1725.1 1725.1 5091 830 1445 14000 39.4428 28.2305 10540.3 13711.3 26.8617 7894.45 13934.6 16.2881 71.9587 9485.98 2404.75 16829.3 13000 37.8319
 39 1719.8 1719.8 5000 830 1445 14000 39.8648 28.0708 10433.4 13664.8 26.8617 7894.88 13904.7 16.5961 70.5173 9487.27 2310 16829.3 13000 37.8319
 40 1899.46 1899.46 11111 830 1445 14000 40.1386 44.9863 13498.3 14306.8 26.8617 7913.52 14501.7 44.9977 108.591 9457.62 4492.75 16829.3 13000 37.8319

