 0 1955.18 1955.18 16667 830 1445 14000 38.998 44.9977 14295.8 14433.4 26.8617 7920.55 14575.9 44.9977 106.834 9446.99 4508.5 16829.3 13000 37.8319
 1 1950.41 1950.41 16000 830 1445 14000 39.9447 44.9977 14216.5 14406.1 26.8617 7930.12 14566.5 35.1769 108.898 9451.84 4637.25 16829.3 13000 37.8319
 2 1945.67 1945.67 15385 830 1445 14000 39.6823 44.9977 14134 14398.8 26.8617 7925 14562.7 31.1505 109.67 9453.4 4693.25 16829.3 13000 37.8319
 3 1940.94 1940.94 14815 830 1445 14000 38.9181 44.9977 14058.7 14392.9 26.8617 7920 14562.9 28.105 109.917 9453.79 4719.5 16829.3 13000 37.8319
 4 1936.25 1936.25 14286 830 1445 14000 39.9561 44.9977 13995.3 14400.6 26.8617 7926.99 14547 25.55 109.959 9453.71 4731.75 16829.3 13000 37.8319
 5 1931.57 1931.57 13793 830 1445 14000 40.0359 44.9977 13939.3 14401.1 26.8617 7919.3 14554.8 23.3486 110.038 9453.48 4741.25 16829.3 13000 37.8319
 6 1926.91 1926.91 13333 830 1445 14000 39.0892 44.9977 13885.7 14359.1 26.8617 7917.85 14544 21.4095 110.126 9452.58 4747.25 16829.3 13000 37.8319
 7 1922.28 1922.28 12903 830 1445 14000 40.1842 44.9977 13829.6 14357.9 26.8617 7920.47 14530.4 19.6416 110.14 9451.52 4747 16829.3 13000 37.8319
 8 1917.68 1917.68 12500 830 1445 14000 40.2641 44.9977 13768.5 14357.9 26.8617 7918.2 14531.1 18.0447 110.056 9450.9 4740.5 16829.3 13000 37.8319
 9 1913.09 1913.09 12121 830 1445 14000 39.0436 44.9977 13702.7 14359.9 26.8617 7920.86 14527.9 16.5733 109.838 9451.17 4725.75 16829.3 13000 37.8319
 10 1908.53 1908.53 11765 830 1445 14000 40.0245 44.9977 13634.6 14355.7 26.8617 7921.68 14510.4 15.2273 109.512 9452.5 4704.5 16829.3 13000 37.8319
 11 1903.99 1903.99 11429 830 1445 14000 40.6633 44.9977 13566 14358.9 26.8617 7920.74 14513.5 13.9841 109.075 9454.84 4676.75 16829.3 13000 37.8319
 12 1899.46 1899.46 11111 830 1445 14000 39.8534 44.9863 13498.3 14308 26.8617 7913.16 14499.8 12.8434 108.591 9457.62 4645.25 16829.3 13000 37.8319
 13 1894.97 1894.97 10811 830 1445 14000 40.5948 44.9406 13432.2 14325.6 26.8617 7916.21 14493.4 11.7827 108.066 9460.39 4611.75 16829.3 13000 37.8319
 14 1890.48 1890.48 10526 830 1445 14000 40.6519 44.895 13366.4 14308.9 26.8617 7913.67 14489.3 10.8588 107.527 9462.93 4577.5 16829.3 13000 37.8319
 15 1886.03 1886.03 10256 830 1445 14000 39.9789 44.7695 13300.9 14308.2 26.8617 7914.3 14474.1 9.99188 106.969 9464.92 4543.25 16829.3 13000 37.8319
 16 1881.6 1881.6 10000 830 1445 14000 40.6975 44.53 13235.6 14308.1 26.8617 7914.14 14465.4 9.21625 106.42 9466.33 4510 16829.3 13000 37.8319
 17 1877.18 1877.18 9756 830 1445 14000 40.6405 44.1194 13170.9 14309.1 26.8617 7913.24 14460.6 8.52047 105.871 9466.91 4478.75 16829.3 13000 37.8319
 18 1872.79 1872.79 9524 830 1445 14000 40.4009 43.5605 13107.1 14284.1 26.8617 7910.82 14455 7.93875 105.299 9466.95 4447.5 16829.3 13000 37.8319
 19 1868.41 1868.41 9302 830 1445 14000 39.9219 42.9103 13043.2 14252.9 26.8617 7907.11 14447 7.49391 104.676 9466.88 4412.5 16829.3 13000 37.8319
 20 1864.06 1864.06 9091 830 1445 14000 41.1309 42.2031 12978.4 14253.6 26.8617 7909.69 14434.5 7.08328 103.988 9466.91 4371.25 16829.3 13000 37.8319
 21 1859.73 1859.73 8889 830 1445 14000 40.4466 41.5416 12911.5 14252.6 26.8617 7906.68 14423.3 6.77531 103.23 9467.19 4322.75 16829.3 13000 37.8319
 22 1855.42 1855.42 8696 830 1445 14000 40.4922 40.9028 12841.1 14250.5 26.8617 7906.21 14415 6.58141 102.421 9467.58 4268.5 16829.3 13000 37.8319
 23 1851.13 1851.13 8511 830 1445 14000 40.4238 40.2755 12768.1 14224.3 26.8617 7905.82 14403.8 6.52437 101.579 9468.05 4210.25 16829.3 13000 37.8319
 24 1846.84 1846.84 8333 830 1445 14000 40.9598 39.6139 12694.6 14223.4 26.8617 7906.52 14389.3 6.45594 100.691 9468.55 4149.75 16829.3 13000 37.8319
 25 1842.59 1842.59 8163 830 1445 14000 39.8078 38.9295 12622.6 14222.6 26.8617 7903.32 14380.4 6.45594 99.8169 9468.98 4091.25 16829.3 13000 37.8319
 26 1838.36 1838.36 8000 830 1445 14000 40.1158 38.2223 12553.3 14196.6 26.8617 7904.49 14363.5 6.58141 98.9566 9469.41 4035 16829.3 13000 37.8319
 27 1834.14 1834.14 7843 830 1445 14000 40.6747 37.4923 12486.7 14199.9 26.8617 7904.8 14353.4 6.71828 98.0964 9469.88 3981.5 16829.3 13000 37.8319
 28 1829.94 1829.94 7692 830 1445 14000 40.5834 36.7281 12422 14163.8 26.8617 7901.95 14347.1 6.84375 97.2548 9470.35 3929.5 16829.3 13000 37.8319
 29 1825.77 1825.77 7547 830 1445 14000 40.15 35.9411 12357.2 14163.3 26.8617 7902.7 14328.8 7.02625 96.427 9470.78 3879.25 16829.3 13000 37.8319
 30 1821.6 1821.6 7407 830 1445 14000 41.1538 35.1541 12290.3 14131.5 26.8617 7902.07 14315.3 7.26578 95.5761 9471.17 3828.25 16829.3 13000 37.8319
 31 1817.48 1817.48 7273 830 1445 14000 40.3211 34.3556 12221.3 14127.9 26.8617 7901.29 14305.2 7.43688 94.7391 9471.52 3778.5 16829.3 13000 37.8319
 32 1813.36 1813.36 7143 830 1445 14000 40.6861 33.523 12149.7 14119.6 26.8617 7899.38 14296.9 7.665 93.851 9471.72 3726.25 16829.3 13000 37.8319
 33 1809.27 1809.27 7018 830 1445 14000 40.4808 32.6675 12077.1 14112.6 26.8617 7900.2 14280.4 7.88172 92.9721 9471.84 3674.75 16829.3 13000 37.8319
 34 1805.19 1805.19 6897 830 1445 14000 40.7203 31.8805 12004.1 14065.1 26.8617 7899.45 14270.3 8.09844 92.0607 9471.56 3622.75 16829.3 13000 37.8319
 35 1801.12 1801.12 6780 830 1445 14000 39.3059 31.1961 11932.1 14058.4 26.8617 7897.62 14251.1 8.31516 91.1679 9471.25 3572 16829.3 13000 37.8319
 36 1797.07 1797.07 6667 830 1445 14000 40.207 30.5916 11862 14024.9 26.8617 7901.48 14237.8 8.52047 90.2519 9470.7 3521.25 16829.3 13000 37.8319
 37 1793.02 1793.02 6557 830 1445 14000 39.8991 30.0555 11792.6 14026.9 26.8617 7899.02 14224.8 8.72578 89.3451 9470.08 3471 16829.3 13000 37.8319
 38 1789.04 1789.04 6452 830 1445 14000 39.7964 29.5992 11724.8 14013 26.8617 7901.56 14211.1 8.91969 88.4383 9469.57 3420.5 16829.3 13000 37.8319
 39 1785.03 1785.03 6349 830 1445 14000 39.7508 29.2342 11656.1 13982.4 26.8617 7897.97 14196.8 9.11359 87.4944 9469.18 3367.25 16829.3 13000 37.8319

