 0 1955.18 1955.18 16667 830 1445 7000 38.8383 44.9977 14295.8 14382.1 26.8617 7933.05 14565.2 44.9977 106.834 9446.99 4508.5 16829.3 11032.1 21.3497
 1 1943.17 1943.17 15079 830 1445 14000 39.4428 44.9977 14093.7 14398.9 26.8503 7930.2 14559.7 44.9977 109.838 9453.67 4709.75 16829.3 13000 37.8319
 2 1931.32 1931.32 13768 830 1445 14000 39.1919 44.9977 13936.4 14394.1 26.8617 7917.58 14545.4 16.5961 110.042 9453.48 4741.75 16829.3 13000 37.8319
 3 1919.62 1919.62 12667 830 1445 14000 40.1386 44.9977 13795.7 14355.1 26.8503 7932.81 14530.2 7.665 110.103 9451.05 4744 16829.3 13000 37.8319
 4 1908.04 1908.04 11728 830 1445 14000 40.572 44.9977 13627.2 14353.6 26.8503 7936.33 14509.5 6.45594 109.466 9452.7 4701.75 16829.3 13000 37.8319
 5 1896.63 1896.63 10920 830 1445 14000 40.3211 44.952 13456.6 14307.7 26.8503 7928.87 14489.2 4.98453 108.266 9459.38 4624.25 16829.3 13000 37.8319
 6 1885.33 1885.33 10215 830 1445 14000 39.9105 44.7467 13290.6 14304.5 26.8503 7927.66 14468.7 4.06063 106.876 9465.16 4538 16829.3 13000 37.8319
 7 1874.17 1874.17 9596 830 1445 14000 40.2527 43.7658 13127.2 14285 26.8503 7921.68 14451.3 3.51313 105.476 9466.91 4457.25 16829.3 13000 37.8319
 8 1863.15 1863.15 9048 830 1445 14000 40.7887 42.0548 12964.5 14249.7 26.8503 7921.88 14424.6 3.26219 103.835 9466.91 4362.25 16829.3 13000 37.8319
 9 1852.26 1852.26 8559 830 1445 14000 40.458 40.4352 12787.4 14216.9 26.8503 7916.68 14394.3 2.555 101.798 9467.93 4225.25 16829.3 13000 37.8319
 10 1841.48 1841.48 8120 830 1445 14000 40.1044 38.7584 12604.2 14165.5 26.8503 7914.38 14366.7 2.01891 99.5891 9469.06 4076.5 16829.3 13000 37.8319
 11 1830.84 1830.84 7724 830 1445 14000 40.2527 36.8764 12435.9 14162.9 26.8503 7913.4 14342.6 2.01891 97.4408 9470.2 3940.75 16829.3 13000 37.8319
 12 1820.29 1820.29 7364 830 1445 14000 40.0588 34.9031 12269.1 14127.1 26.8503 7911.21 14301 1.80219 95.3111 9471.29 3812.5 16829.3 13000 37.8319
 13 1809.9 1809.9 7037 830 1445 14000 40.0702 32.8044 12088.4 14067 26.8503 7911.84 14275 1.80219 93.1023 9471.84 3682.5 16829.3 13000 37.8319
 14 1799.63 1799.63 6738 830 1445 14000 39.7052 30.9566 11905.9 14028.6 26.8503 7913.95 14237 2.86297 90.8378 9471.05 3553.5 16829.3 13000 37.8319
 15 1789.46 1789.46 6463 830 1445 14000 39.2717 29.622 11732.1 14007.1 26.8503 7912.27 14200.7 4.98453 88.536 9469.61 3426 16829.3 13000 37.8319
 16 1779.39 1779.39 6209 830 1445 14000 38.4619 29.0175 11556.7 13939.8 26.8503 7910.31 14172.4 4.06063 86.1599 9468.95 3291 16829.3 13000 37.8319
 17 1769.46 1769.46 5975 830 1445 14000 38.9752 29.7019 11373.6 13934.3 26.8503 7910.82 14118.8 4.53969 83.7 9469.84 3144.75 16829.3 13000 37.8319
 18 1759.64 1759.64 5758 830 1445 14000 40.6747 30.295 11190.9 13879.5 26.8503 7910.7 14081 4.53969 81.1983 9472.85 2992.25 16829.3 13000 37.8319
 19 1749.91 1749.91 5556 830 1445 14000 39.9333 29.6106 11017 13826.4 26.8503 7909.26 14042 3.51313 78.678 9477.15 2836.25 16829.3 13000 37.8319

