 0 1917.68 1917.68 12500 830 1445 5500 38.9523 44.9977 13768.5 14360.9 26.8617 7913.13 14526.2 18.0447 110.056 9450.9 4740.5 16829.3 13000 17.9395
 1 1905.49 1905.49 11538 830 1445 5500 38.8725 44.9977 13588.6 14308.1 26.8617 7910.94 14508.3 14.3947 109.229 9454.02 4686.5 16829.3 13000 17.9395
 2 1893.47 1893.47 10714 830 1445 5500 39.8192 44.9178 13410.2 14306.8 26.8617 7910.23 14483.9 11.4633 107.889 9461.29 4600.5 16829.3 13000 17.9395
 3 1881.6 1881.6 10000 830 1445 5500 40.4466 44.53 13235.6 14306 26.8617 7911.99 14458.5 9.21625 106.42 9466.33 4510 16829.3 13000 17.9395
 4 1869.87 1869.87 9375 830 1445 5500 40.2413 43.1384 13064.7 14251.2 26.8617 7903.52 14433.1 7.60797 104.881 9466.91 4424.25 16829.3 13000 17.9395
 5 1858.3 1858.3 8824 830 1445 5500 40.1842 41.3363 12888.1 14248 26.8617 7904.38 14416.4 6.71828 102.965 9467.3 4305.25 16829.3 13000 17.9395
 6 1846.84 1846.84 8333 830 1445 5500 40.0245 39.6139 12694.6 14219.4 26.8617 7900.98 14375.2 6.45594 100.691 9468.55 4149.75 16829.3 13000 17.9395
 7 1835.55 1835.55 7895 830 1445 5500 41.0283 37.7547 12508.8 14193.8 26.8617 7901.84 14349.4 6.64984 98.3801 9469.73 3999 16829.3 13000 17.9395
 8 1824.38 1824.38 7500 830 1445 5500 40.8686 35.6559 12335.3 14131.3 26.8617 7898.79 14319.5 7.08328 96.1573 9470.94 3862.75 16829.3 13000 17.9395
 9 1813.36 1813.36 7143 830 1445 5500 40.1614 33.523 12149.7 14113.9 26.8617 7899.49 14280.2 7.665 93.851 9471.72 3726.25 16829.3 13000 17.9395

