[ 5.2571838e-15 -6.3406960e-15]
[ 5.22909180e-15 -9.59380424e-15]
[ 7.31238146e-15 -3.03021517e-15]
[ 1.28714893e-14 -1.36694463e-14]
[ 3.87846919e-15 -4.80431698e-15]
[ 4.10845584e-15 -6.67713018e-15]
[ 4.24979244e-15 -6.36135998e-15]
[ 3.81121238e-15 -5.71681910e-15]
[ 1.71071659e-15 -3.01943540e-15]
[ 1.73700469e-15 -3.47702488e-15]
[ 6.45546098e-15 -2.06650098e-15]
[ 4.40778546e-15 -1.17439349e-15]
[ 5.61949446e-15 -1.69297247e-15]
[ 6.30490136e-15 -1.86928479e-15]
[9.11810177e-15 4.84243805e-15]
[ 3.96772586e-14 -4.31506064e-14]
[ 5.29839448e-15 -8.03518353e-15]
[ 4.07194026e-15 -6.27427507e-15]
[ 2.01213342e-15 -3.98960151e-15]
[ 2.34344558e-15 -4.56622950e-15]
[ 5.30537198e-15 -8.94304392e-15]
[ 5.75571315e-15 -9.19934851e-15]
[ 1.41448389e-14 -5.55038175e-16]
[ 1.14869150e-14 -7.38936093e-15]
[ 1.15012525e-11 -1.55344424e-10]
[ 1.63420374e-13 -7.59575037e-14]
[ 6.59531206e-15 -1.01789653e-14]
[ 5.95205669e-15 -1.05933646e-14]
[ 1.06921184e-15 -1.40240641e-15]
[ 1.18888687e-14 -1.18727960e-14]
[ 1.82698061e-15 -3.64662190e-15]
[ 1.75895735e-15 -4.03323868e-15]
[ 4.79683416e-15 -8.93181990e-15]
[ 4.35493561e-15 -8.71816472e-15]
[ 4.91829586e-15 -2.28982914e-15]
[ 5.13451581e-15 -2.33621006e-15]
[ 4.23007688e-15 -1.77714714e-15]
[ 3.67599522e-15 -2.37368258e-15]
[ 7.45015937e-15 -2.17552458e-15]
[ 8.49150973e-15 -2.50129459e-15]
[ 4.39496760e-15 -1.53871709e-15]
[ 5.37480885e-15 -1.59707547e-15]
[ 5.38204835e-15 -1.76316221e-15]
[ 5.60552768e-15 -1.29116102e-15]
[ 5.61071175e-15 -1.38650015e-15]
[ 3.38327624e-15 -3.00695872e-16]
[3.63923753e-15 1.02775235e-16]
[2.78453973e-15 2.07922154e-16]
[-0.00040461 -0.00079525]
[-0.00039844 -0.00079649]
[5.59944476e-14]
[2.64572975e-14]
[7.67580224e-14]
[2.16218884e-14]
[7.72494821e-14]
[1.33952344e-14]
[2.83595673e-14]
[1.88261007e-14]
[3.62722819e-14]
[1.61969355e-15]
[3.27853436e-15]
[0.00050633]
[0.]
[0.0088516]
[0.]
[ 4.56402247e-15 -9.01577092e-15]
[ 4.54467790e-15 -9.89231941e-15]
[ 6.78404419e-15 -1.65819321e-14]
[ 3.29835295e-15 -7.01345869e-15]
[ 4.30665863e-15 -8.63072299e-15]
[ 3.27553220e-15 -6.90873401e-15]
[ 3.64258078e-15 -7.85232824e-15]
[ 1.63589873e-15 -3.55370044e-15  1.62427202e-15 -3.55139891e-15]
[-4.20275784e-04  6.44317528e-07 -3.13719585e-04  7.27871582e-06]
[ 2.18907210e-03 -2.22248634e-05  2.74543640e-04  4.25779486e-06]
[ 2.18942582e-03 -2.06760021e-05  2.78865059e-04  3.27937598e-06]
[-0.00021747]
[-0.00021186]
[-0.00021955]
[-0.00021654]
[-0.00021024]
[-0.00021581]
[-0.00020871]
[-0.00022253]
[-0.00021252]
[1.37859455e-14]
[-8.66827011e-14]
[-2.02500124e-14]
[-0.00047416]
[9.02001772e-15]
[-3.68728861e-14]
[1.10573457e-14]
[-4.71595655e-14]
[-0.00047919]
[7.90353899e-12]
[-4.89138456e-14]
[-4.12962755e-14]
[-6.24913693e-15]
[-1.53499336e-14]
[1.19928768e-14]
[-0.00047349]
[-0.0004804]
[-0.00047836]
[-0.00048701]
[-0.00048722]
[6.65570714e-14]
[-2.28325721e-14]
[-0.00048445]
[-0.00048277]
[-0.00048094]
[-0.00049108]
[-0.0004842]
[0.00179642]
[0.00178727]
[0.00179661]
[0.00179562]
[0.00180101]
[0.00179037]
[0.00178761]
[0.00179654]
[0.00180153]
[0.00179383]
[0.0016944]
[0.00170503]
[0.0030148]
[0.00262889]
[-0.00392586]
[-0.00392663]
[0.00187519]
[0.00186737]
[0.00178429]
[0.0017822]
[0.00173494]
[0.0017293]
[0.00172073]
[0.00171156]
[0.00170515]
[0.00171222]
[0.00171174]
[0.00169571]
[0.00169907]
[0.00168973]
[0.00169298]
[0.0016969]
[0.00169476]
[0.00167918]
[0.00168653]
[0.00167754]
[ 1.91030974e-03 -5.41723532e-06  2.22590263e-04 -2.18632178e-05]
[ 1.90848873e-03 -5.77395271e-06  2.31115354e-04 -2.25368817e-05]
[ 1.96247745e-03 -3.39630702e-06  2.81005064e-04 -6.46727829e-06]
[ 1.95728088e-03 -3.57751220e-06  2.84257381e-04 -1.25062689e-05]
[ 1.90159800e-03 -2.14387630e-05  2.33175941e-04 -2.45673318e-06]
[ 1.90059200e-03 -1.92488267e-05  2.28322804e-04 -6.92761574e-06]
[ 1.94543755e-03 -8.98053148e-06  3.13976522e-04  3.22825693e-06]
[ 1.94676699e-03 -3.36009480e-06  3.12180092e-04  2.19195442e-06]
[ 1.94444381e-03 -6.42418399e-06  2.79969158e-04 -1.47916980e-05]
[ 1.93862258e-03 -6.83161818e-06  2.82806040e-04 -2.60191964e-05]
[ 1.91723834e-03 -1.25831160e-05  2.51984024e-04 -6.58910573e-06]
[ 1.91491263e-03 -1.50152905e-05  2.55331563e-04 -3.71518609e-06]
[1.92817003e-03 1.22496681e-05 2.60968754e-04 1.95630256e-05]
[1.92611825e-03 1.45611713e-05 2.65709183e-04 2.11795411e-05]
[ 4.84021174e-04 -6.81208954e-05 -1.23999339e-03  1.10763649e-04]
[ 4.75324962e-04 -6.70153034e-05 -1.23381952e-03  1.01127422e-04]
[-0.00082068 -0.00120597  0.00177833  0.0010839 ]
[ 0.00542792 -0.24951167  0.00032677 -0.09913754]
[0.04882086 0.06953709 0.0424604  0.01735668]
[-0.00083987 -0.00092204  0.00207638  0.00092375]
[ 2.45568700e-03  1.06911425e-04  1.28607173e-04 -2.94373193e-05]
[ 0.01387968  0.00016868 -0.0045239  -0.00502407]
[-0.04028579 -0.06101002 -0.03709952 -0.01802693]
[ 0.00053633 -0.00238513 -0.0013117  -0.00073925]
[0.02772097 0.04123324 0.02346378 0.01455836]
[ 2.23250929e-03 -2.74765751e-04 -5.16130743e-05 -2.49624309e-04]
[-0.00250429 -0.00982905 -0.00466274 -0.00416318]
[ 0.00224699 -0.00049081 -0.00037262 -0.00044747]
[0.02597296 0.05198771 0.02303122 0.02235562]
[-0.14096547 -0.17451619 -0.102558   -0.03121181]
[-0.0204354  -0.05461081 -0.02215015 -0.02411819]
[0.12775824 0.15438571 0.09180676 0.0289193 ]
[0.00309256 0.00115763 0.00078383 0.00040096]
[0.00383767 0.00205217 0.00143536 0.00051826]
[ 0.00156562 -0.00172205 -0.00070175 -0.00076155]
[ 0.00048389 -0.00270179 -0.00162919 -0.00091308]
[0.00290466 0.00417023 0.00061135 0.0020801 ]
[ 6.21914188e-03  3.93665571e-03  2.07531909e-03 -4.33124418e-05]
[ 9.35970286e-04 -3.55923328e-04 -1.38300274e-03  2.66826907e-06]
[ 2.53249889e-03  1.24531585e-04 -5.31852764e-05 -1.75320467e-04]
[2.48575132e-03 2.25759064e-06 1.64889781e-04 2.96452684e-05]
[ 2.37335002e-03  1.77374318e-05  1.08990947e-04 -1.12892512e-04]
[ 2.57540585e-03 -1.00977933e-05  2.66504403e-04  3.51122520e-05]
[ 2.38000921e-03  7.79180723e-05  2.30892949e-04 -5.60330973e-05]
[2.48676007e-03 6.05291926e-06 1.74761100e-04 4.47114297e-05]
[ 2.38390698e-03  2.03544579e-05  1.28656800e-04 -1.36455311e-04]
[ 9.38132953e-04  4.83184897e-06  1.80584365e-04 -1.23913952e-05]
[ 9.19498843e-04  7.80895108e-06  1.08507703e-04 -1.13991421e-05]
[ 9.38319406e-04  5.30333846e-07  1.84590210e-04 -2.92473232e-05]
[ 9.27764210e-04 -6.35048646e-08  1.83773027e-04 -3.57857603e-05]
[ 9.25723019e-04  8.98468043e-07  1.87078218e-04 -3.63401444e-05]
[ 9.27888202e-04 -2.04525857e-06  1.87520177e-04 -2.68735824e-05]
[-0.00344725 -0.00196308  0.00177687  0.00172721]
[ 0.00188436  0.00138423  0.00037352 -0.00067622]
[0.01196423 0.02175075 0.01214118 0.00492494]
[0.0028237  0.00265342 0.00198179 0.00041907]
[ 8.91170100e-04 -5.99909828e-07]
[-0.00017918 -0.00083782]
[0.00074055 0.00014547]
[ 0.00065009 -0.00020816]
[0.0007379  0.00020183]
[8.14680424e-04 7.81950573e-05]
[0.00074822 0.00016708]
[ 7.43587288e-04 -4.30178148e-05]
[0.00073116 0.00016864]
[ 7.64846711e-04 -1.24124319e-05]
[ 8.2916917e-04 -2.0498877e-05]
[ 0.00072993 -0.00016887]
[ 0.00087819 -0.00010114]
[ 0.00069115 -0.0002965 ]
[8.26845357e-04 6.47220530e-06]
[ 0.00071768 -0.00024442]
[7.81860265e-04 7.64961490e-05]
[ 0.00071388 -0.00022823]
[7.89732264e-04 7.22772395e-05]
[ 0.0007299  -0.00018768]
[0.00085271 0.00010198]
[-0.00023538 -0.00083602]
[ 7.78119098e-04 -5.92353279e-05]
[ 8.51612201e-04 -1.45507385e-05]
[ 0.00076831 -0.00010251]
[ 0.00391241 -0.00254799]
[7.38411096e-04 4.02229757e-05]
[ 0.00064056 -0.00016967]
[0.00065812 0.00048056]
[0.00083706 0.00014646]
[7.95940513e-04 6.92330676e-05]
[0.00087971 0.00023524]
[ 8.31459770e-04 -3.28353774e-05]
[ 0.00073649 -0.00015607]
[ 8.47976682e-04 -5.03039558e-05]
[ 0.00072162 -0.00025722]
[8.07394821e-04 1.67666620e-05]
[ 0.00068149 -0.00038877]
[ 8.35644609e-04 -3.95861585e-05]
[ 0.00069857 -0.00032635]
[0.0007625  0.00010621]
[ 0.00069357 -0.00032499]
[ 8.56992584e-04 -8.43789531e-06]
[ 0.00071465 -0.00020738]
[0.00073498 0.00013412]
[ 0.00071292 -0.00018346]
[0.00225098 0.0002819 ]
[ 2.36649266e-03 -5.16042921e-05]
[0.00225806 0.00026073]
[ 2.37157950e-03 -6.56847455e-05]
[0.00229654 0.00021495]
[0.00225505 0.00029052]
[2.43913808e-03 3.29969432e-05]
[2.44257209e-03 3.23064299e-05]
[ 0.00104299 -0.0020044 ]
[0.00318624 0.00027827]
[ 2.39979385e-03 -1.37414783e-05]
[-0.0026752   0.00052326]
[ 2.38207163e-03 -7.37172370e-06]
[ 0.0022153  -0.00040906]
[ 2.38118736e-03 -1.94218554e-05]
[ 0.00223835 -0.00035509]
[0.0023495  0.00016581]
[ 0.00223895 -0.00035504]
[ 2.41673164e-03 -8.96212581e-06]
[ 0.00234783 -0.00014942]
[ 2.41359407e-03 -4.38733301e-05]
[ 0.00232746 -0.00021706]
[0.00227683 0.00024145]
[ 0.00233554 -0.00019206]
[0.00223328 0.00031116]
[ 0.00234727 -0.00012728]
[0.00228893 0.00021774]
[ 2.36186603e-03 -5.99585241e-05]
[0.00234019 0.00013601]
[ 2.37340685e-03 -3.82114107e-05]
[0.00227021 0.00025701]
[ 2.36379395e-03 -5.31570783e-05]
[ 2.41933886e-03 -9.21879567e-05]
[-0.00074647 -0.00255936]
[ 2.40293725e-03 -2.48400056e-05]
[-0.00271725  0.00048109]
[ 2.36989298e-03 -6.97245503e-05]
[ 0.0022303  -0.00038105]
[2.36352506e-03 7.92558293e-05]
[ 0.00223599 -0.00036794]
[2.38155362e-03 2.66061586e-05]
[ 0.0023464 -0.0001873]
[ 2.40496102e-03 -3.86442316e-05]
[ 0.0023519  -0.00019738]
[ 2.41988045e-03 -5.57734049e-05]
[ 0.00230066 -0.00030101]
[0.00231681 0.00017224]
[ 0.00234098 -0.00016351]
[0.00224401 0.00031314]
[ 2.37412610e-03 -3.35151723e-05]
[0.00226877 0.00027015]
[2.38506083e-03 5.59911525e-06]
[0.00230358 0.00020758]
[2.38764254e-03 7.27524976e-05]
[0.00234327 0.00015446]
[ 2.36887639e-03 -5.21620534e-05]
[ 0.00153594 -0.00134359]
[ 0.00023887 -0.00184052]
[ 2.40908003e-03 -1.82670510e-05]
[-0.00268224  0.00049808]
[ 2.38888313e-03 -6.73772646e-05]
[ 0.00227558 -0.00036644]
[ 2.40006225e-03 -5.40739256e-05]
[ 0.00217083 -0.00046176]
[2.34606094e-03 3.43524132e-05]
[ 0.00215442 -0.00047886]
[2.35040290e-03 9.96417818e-05]
[ 2.37792435e-03 -7.27916401e-05]
[ 2.40425578e-03 -4.68838985e-05]
[ 0.00237391 -0.00010956]
[ 2.41447864e-03 -3.22029965e-05]
[ 0.00231363 -0.00023344]
[0.00219915 0.00036113]
[ 0.00234996 -0.00012736]
[0.00223101 0.0003127 ]
[ 2.35991913e-03 -9.32931596e-05]
[0.00218759 0.00039056]
[2.39432637e-03 5.57510657e-05]
[0.00227572 0.00025322]
[ 2.37770194e-03 -4.28305310e-05]
[ 0.00151545 -0.00138665]
[-0.00556142 -0.00595832]
[ 2.39366401e-03 -8.37212211e-06]
[-0.00270826  0.00049855]
[ 2.37674306e-03 -7.17566065e-05]
[ 0.00238266 -0.00023582]
[2.36102005e-03 6.94705100e-05]
[ 0.00217938 -0.00047738]
[ 0.00240216 -0.00012866]
[ 0.00230385 -0.00028504]
[0.0023353  0.00010752]
[ 0.00208842 -0.0006857   0.00012887]
[ 0.0022739  -0.00239406 -0.00276774]
[ 2.71430092e-03 -1.99793902e-06  3.55090823e-04]
[0.01431557 0.01752777 0.00757128]
[ 2.61659584e-03 -3.13197812e-05  2.29372381e-04]
[-0.00076091  0.0021829 ]
[2.35879121e-03 6.51328350e-05]
[ 0.00215468 -0.00052992]
[ 0.00242125 -0.00017844]
[ 0.00231392 -0.00028549]
[2.33921064e-03 6.74496465e-05]
[ 0.00220649 -0.00046458]
[0.00229015 0.0002005 ]
[ 0.00234422 -0.0001543 ]
[0.00229804 0.00020012]
[ 0.00229781 -0.000309  ]
[0.00228457 0.00021138]
[ 0.0022928  -0.00027955]
[0.00229193 0.00021173]
[ 0.00231847 -0.00019745]
[0.00224892 0.00027696]
[ 2.36102093e-03 -3.23321745e-05]
[0.00229164 0.00023889]
[ 2.37288444e-03 -3.60938532e-06]
[0.00238723 0.00010466]
[2.38347831e-03 3.08492072e-06]
[ 2.50933583e-03 -7.51443028e-05]
[2.39314770e-03 3.79141779e-05]
[2.46388539e-03 2.20950157e-05]
[2.41163532e-03 2.27572625e-05]
[ 2.53799990e-03 -5.14207406e-05]
[2.43220440e-03 9.26562594e-06]
[2.45578848e-03 1.81535831e-05]
[2.38314851e-03 2.63270711e-05]
[ 2.50551487e-03 -2.15472812e-05]
[2.42122333e-03 2.01536998e-05]
[0.00435988 0.00033887]
[ 2.41019018e-03 -2.20518563e-05]
[ 2.48187727e-03 -9.88961320e-06]
[2.39857307e-03 1.33599331e-06]
[ 0.00154952 -0.00135783]
[-0.00767575 -0.00749846]
[ 2.42408761e-03 -3.85709656e-05]
[-0.00023838  0.00289179]
[ 0.0023698  -0.00017449]
[ 0.00231327 -0.00029676]
[ 0.00237908 -0.00021749]
[ 0.00225076 -0.00036548]
[0.00230136 0.00017915]
[ 0.00236164 -0.00019752]
[ 2.34498083e-03 -4.90061300e-06]
[ 0.00237091 -0.00016788]
[0.00226072 0.00020621]
[ 0.00238022 -0.00016145]
[0.00223538 0.00025586]
[ 0.00235302 -0.00021219]
[0.00218991 0.00035671]
[ 0.00233915 -0.00022798]
[0.00218581 0.00036481]
[ 0.00236063 -0.00012008]
[0.00222307 0.00031293]
[ 2.3695030e-03 -7.6469157e-05]
[0.00222834 0.00029236]
[ 0.00235654 -0.00015926]
[0.00236149 0.00010031]
[ 2.36952789e-03 -7.60625655e-05]
[ 2.48687938e-03 -7.39323854e-05]
[ 2.38436255e-03 -9.47872535e-06]
[2.45496439e-03 4.75256832e-06]
[ 2.40632009e-03 -2.22029564e-05]
[ 2.52051494e-03 -7.12762994e-05]
[ 2.4157414e-03 -1.8353442e-05]
[2.42026456e-03 4.13999118e-05]
[ 2.36285360e-03 -8.48639719e-05]
[ 2.49318559e-03 -2.19355127e-05]
[2.41492468e-03 7.44212286e-06]
[0.00240291 0.00010152]
[ 2.38505284e-03 -4.74959385e-05]
[ 0.00344893 -0.00130194]
[ 2.36739628e-03 -3.39575091e-05]
[ 0.00240964 -0.00012612]
[0.00287565 0.00048196]
[ 2.40523432e-03 -3.60229875e-05]
[ 2.40158030e-03 -2.83218273e-05]
[ 0.00235101 -0.00022289]
[ 0.00235545 -0.00020193]
[2.34658175e-03 3.24510016e-05]
[2.34207632e-03 5.91038121e-05]
[2.34832731e-03 2.65099888e-05]
[ 2.34947312e-03 -6.99796376e-07]
[2.33177809e-03 5.73042544e-05]
[2.31983639e-03 9.78118296e-05]
[0.00229957 0.00014522]
[0.00231143 0.00012113]
[0.00224007 0.00026194]
[0.00225542 0.00023011]
[0.00216059 0.00039342]
[0.00218432 0.00036853]
[0.00215786 0.00041215]
[0.00213597 0.00044563]
[0.00214496 0.00043525]
[0.00216904 0.00039576]
[0.00219272 0.00036106]
[0.00218469 0.00037502]
[2.37593917e-03 9.48338928e-05]
[0.00236231 0.00011511]
[ 2.49789357e-03 -6.75382062e-05]
[ 2.49636439e-03 -7.04908182e-05]
[2.46415700e-03 7.96493877e-06]
[2.45491158e-03 7.10347359e-06]
[ 2.52263300e-03 -6.58190229e-05]
[ 2.52105929e-03 -7.00400352e-05]
[2.43553330e-03 3.02940458e-05]
[2.68308530e-03 4.51046681e-05 3.23358605e-04 1.06738556e-04]
[2.67083129e-03 7.32842226e-05 3.67659822e-04 1.01992273e-04]
[2.67004958e-03 7.22033259e-05 3.66482210e-04 1.03680989e-04]
[ 2.70629603e-03 -6.48169402e-05  3.97770736e-04  2.42556167e-05]
[ 2.70800844e-03 -6.48999630e-05  3.94347049e-04  2.41504502e-05]
[ 2.30528806e-03 -5.55987400e-04 -8.10287342e-05 -5.00801121e-04]
[ 2.69895646e-03 -4.24917393e-05  3.98811167e-04  2.71179148e-05]
[2.74553130e-03 5.25883547e-04 1.01767996e-04 1.43028933e-05]
[-0.00807197  0.01184131 -0.0035372   0.00451573]
[0.00318781 0.00575925 0.00862272 0.00372683]
[-0.00215951  0.00681369  0.00443375  0.00355663]
[0.00278647 0.00042106]
[0.00263594 0.00025529]
[0.00249467 0.00015421]
[0.00262405 0.00025549]
[0.00260257 0.00025798]
[0.00262927 0.00024506]
[ 2.35006248e-03 -1.72790693e-05]
[0.00264801 0.00027307]
[0.00257066 0.00025644]
[0.00256359 0.00016508]
[0.00252285 0.00018171]
[0.00299347 0.00063451]
[0.00256778 0.00024857]
[0.00307643 0.00074924]
[0.00258288 0.00026934]
[0.00332541 0.00100299]
[0.00265126 0.00038899]
[0.00302783 0.00069607]
[0.00261617 0.00031248]
[0.00268106 0.00031675]
[0.00264618 0.00036682]
[0.00268294 0.00032923]
[0.00264465 0.00037978]
[0.00275274 0.00040544]
[0.00266669 0.00043194]
[0.00268953 0.00033252]
[0.00265517 0.00038833]
[0.00274759 0.00041202]
[0.00262804 0.00034258]
[0.00273003 0.00038752]
[0.00266476 0.0004277 ]
[0.00269537 0.00035768]
[0.00497443 0.0008041 ]
[0.00299029 0.00265137]
[0.00265854 0.00040861]
[0.00268831 0.00035997]
[0.00263893 0.00034793]
[0.00104538 0.00182257]
[0.00271856 0.00036286]
[0.00258621 0.0003359 ]
[0.00267553 0.00029812]
[0.00257546 0.00029182]
[0.00258296 0.00018358]
[0.00252854 0.00020038]
[0.00253728 0.00010264]
[2.46952102e-03 9.31848283e-05]
[0.0025702  0.00012682]
[0.00260515 0.00028875]
[0.00265296 0.00021683]
[0.00245547 0.00011166]
[0.00259615 0.00014025]
[ 2.32549275e-03 -6.24225160e-05]
[0.00260303 0.00017527]
[ 2.36144032e-03 -1.46049802e-05]
[0.00257076 0.00011149]
[ 0.00223474 -0.00015621]
[0.0025954  0.00015007]
[ 0.0021839  -0.00021637]
[0.00259237 0.00013928]
[2.45696318e-03 7.02554838e-05]
[0.00265725 0.00026809]
[0.0026698  0.00030239]
[0.00268122 0.00034031]
[0.00275875 0.00038874]
[0.00270633 0.00039444]
[0.00269838 0.0003179 ]
[0.00269    0.00036483]
[0.00275927 0.00040157]
[0.00265369 0.00029206]
[0.00275289 0.00036399]
[0.00270701 0.00038568]
[0.00270382 0.00033325]
[0.00267573 0.0003339 ]
[0.00267968 0.00029556]
[0.00268985 0.00037243]
[0.00271469 0.00032084]
[0.00266798 0.0003819 ]
[0.00267294 0.00040286]
[0.0027187  0.00034581]
[0.00266762 0.00039288]
[0.00271749 0.00035174]
[0.00271437 0.00033061]
[0.00272063 0.00035016]
[0.00266153 0.00038108]
[0.00271864 0.00034202]
[0.00267859 0.00039944]
[0.00173134 0.00122516]
[0.00499807 0.00099115]
[ 0.00235501 -0.00202344]
[0.0047198  0.00029181]
[0.00270972 0.00034684]
[0.00361855 0.0027858 ]
[ 0.00294883 -0.00018591]
[0.00269451 0.00033894]
[0.00602965 0.0038264 ]
[0.00568959 0.00333464]
[0.00261103 0.00020773]
[0.0024722  0.00010061]
[2.44093617e-03 8.91976702e-05]
[2.46170730e-03 9.03848641e-05]
[ 2.35499852e-03 -3.24097965e-05]
[ 0.00228197 -0.00013636]
[0.00255942 0.00021114]
[0.00261215 0.00025299]
[0.00263614 0.00029826]
[0.00263087 0.00029403]
[0.00260943 0.00026762]
[0.00265892 0.00032391]
[0.0024986  0.00011397]
[0.00252189 0.00013153]
[0.00249254 0.00010416]
[0.0025907  0.00025209]
[0.00253013 0.00016464]
[0.00261131 0.0003019 ]
[0.00261355 0.0002713 ]
[0.00265144 0.00035419]
[0.00266345 0.00038752]
[0.0026406  0.00037836]
[0.00266303 0.00038943]
[0.00267658 0.00044439]
[0.002675   0.00043863]
[0.00265797 0.00035203]
[0.00263558 0.00032644]
[0.00275408 0.00034479]
[0.00275657 0.00034864]
[0.00268888 0.00028104]
[0.00269266 0.00028432]
[ 0.0021362  -0.00026859]
[ 0.00225555 -0.00014028]
[0.00294269 0.00057054]
[0.00291048 0.00054488]
[ 0.00225741 -0.00018845]
[ 0.00224596 -0.00021011]
[0.00256318 0.00018707]
[0.00256294 0.00019317]
[0.00272052 0.00038436]
[0.00274432 0.00043451]
[0.00263315 0.00025466]
[0.0026485  0.00027471]
[0.00254298 0.0001174 ]
[2.52639944e-03 7.98409729e-05]
[0.0025449  0.00010457]
[2.53898469e-03 8.44232738e-05]
[2.54821329e-03 9.79513982e-05]
[0.00258518 0.00016566]
[0.00266086 0.00030944]
[0.0026611  0.00031808]
[0.00267601 0.0003535 ]
[0.00267443 0.00035656]
[0.00269435 0.00040869]
[0.00269864 0.0004062 ]
[0.00269447 0.00040946]
[0.00270807 0.00031413]
[0.00270124 0.0004215 ]
[0.00270368 0.00031563]
[2.39433521e-03 1.20048859e-05]
[0.00273211 0.00037393]
[0.00250723 0.00014412]
[0.00273593 0.00038473]
[0.00255317 0.00022353]
[0.002758   0.00040641]
[0.00255831 0.00021309]
[0.00259642 0.00023008]
[0.00251451 0.00014057]
[0.00259308 0.00022609]
[2.42787968e-03 3.77342527e-05]
[0.00262086 0.00025503]
[0.00256088 0.00021168]
[0.0027414  0.00038209]
[0.00255844 0.00022027]
[0.00266419 0.00029685]
[0.00257082 0.00023917]
[0.00257512 0.00020983]
[0.00253827 0.00016848]
[0.00256442 0.00019688]
[0.00272548 0.00033789]
[0.00264479 0.0002744 ]
[ 0.00171739 -0.00067553]
[0.0026613  0.00031749]
[0.00272814 0.00040496]
[0.00269703 0.00040223]
[0.0026004  0.00024892]
[2.45918118e-03 5.78273057e-05]
[2.46481195e-03 9.74184659e-05]
[0.00261194 0.00024045]
[0.00260729 0.00029209]
[0.00270831 0.00036605]
[0.00263051 0.00032016]
[2.43310698e-03 6.05809634e-05]
[0.00258322 0.00024912]
[2.3984915e-03 2.8610099e-05]
[0.00251858 0.00014188]
[0.00255477 0.00018989]
[0.0025414  0.00016391]
[0.0026898 0.0003253]
[0.0026735  0.00029185]
[0.00263216 0.00029573]
[ 0.00155781 -0.00085228]
[0.00264223 0.00028   ]
[0.00280621 0.00048513]
[0.00269417 0.00039   ]
[ 2.33467420e-03 -6.95433064e-05]
[2.47347842e-03 7.40711365e-05]
[2.42661096e-03 5.64689316e-05]
[0.00267077 0.00031913]
[0.00252081 0.00018061]
[0.00274395 0.00039181]
[0.00260938 0.00031161]
[0.00270005 0.00034991]
[0.00259855 0.00027593]
[0.0025713  0.00021786]
[0.00256266 0.0002227 ]
[0.00256773 0.00021057]
[0.00254767 0.00020368]
[0.00261548 0.00025132]
[0.0026773 0.0002933]
[0.00265317 0.00025703]
[ 0.00177246 -0.00061958]
[0.00268089 0.00035295]
[0.0026795 0.0003449]
[0.00272761 0.00043429]
[0.00258478 0.0002403 ]
[0.00247887 0.00010352]
[2.41728979e-03 3.89887407e-05]
[0.00265561 0.00030665]
[0.00257123 0.00025107]
[0.00265542 0.00030592]
[0.00259048 0.00028253]
[0.00247392 0.00010506]
[0.00256988 0.00024518]
[0.00254081 0.00016888]
[0.00257996 0.00026539]
[ 2.35730585e-03 -1.96659977e-05]
[0.00257314 0.00024636]
[0.00260674 0.00022717]
[0.01334251 0.03480407]
[0.01157191 0.01121403]
[0.00836928 0.00175676]
[0.00264491 0.00029751]
[0.00746285 0.00220728]
[0.00263861 0.00027981]
[0.00259205 0.00027374]
[-0.0001371  -0.00259083]
[ 0.01068914 -0.02083522]
[-0.00586152 -0.00988291]
[0.0082733  0.00184699]
[0.00264415 0.00028313]
[0.00740658 0.00228091]
[0.00262685 0.00029372]
[0.00257634 0.00023971]
[ 0.00103074 -0.00136992]
[0.0031444  0.02315644]
[0.00562258 0.00412715]
[0.00820547 0.00184662]
[0.00261846 0.00027997]
[0.00254687 0.00032552]
[0.00260157 0.00027273]
[0.00255736 0.00026153]
[2.33904078e-03 2.54397468e-05]
[-0.00384767 -0.00197712]
[0.0141702  0.01403446]
[0.0025769  0.00031831]
[0.00262069 0.00029649]
[0.00742524 0.00226068]
[0.00261621 0.00030431]
[0.00259081 0.00018373]
[0.00417544 0.0019439 ]
[0.00256937 0.00031013]
[0.00300782 0.00074541]
[0.00257223 0.00030658]
[2.40523768e-03 5.40950930e-05]
[0.00257549 0.00035577]
[2.42885904e-03 8.70167387e-05]
[0.00251053 0.00013596]
[0.00254672 0.0002595 ]
[2.49013019e-03 6.01885966e-05]
[0.00257946 0.00032322]
[2.49412073e-03 8.74596580e-05]
[0.00251982 0.00022975]
[-0.00277534 -0.0141011 ]
[0.0134743  0.01327855]
[0.00819994 0.00183637]
[0.002632   0.00027436]
[0.00270754 0.00023152]
[0.00264865 0.00027899]
[2.83628939e-03 3.11474640e-06]
[ 0.00206836 -0.00028901]
[0.00275491 0.0002953 ]
[0.00908118 0.00712803]
[2.75987316e-03 8.94936178e-05]
[ 0.00094268 -0.00174436]
[0.00279312 0.0004223 ]
[0.00863961 0.00784879]
[0.00279281 0.00044258]
[0.0047337 0.0031435]
[0.00280648 0.00052452]
[2.41270021e-03 3.05298022e-05]
[0.00271167 0.00024652]
[0.00330844 0.00135808]
[0.00509231 0.00366168]
[0.00508649 0.0036602 ]
[0.00508022 0.00365974]
[0.00216926]
[0.00216413]
[0.00217009]
[0.00218886]
[0.00218676]
[7574.5816639]
[0.01910062]
[0.00221651]
[0.0022171]
[-0.01942498]
[-0.0595922]
[0.00205755]
[0.0020271]
[0.00206369]
[0.00207132]
[0.00207029]
[0.00197433]
[-0.00656262]
[0.00129817]
[0.00212145]
[0.00210848]
[0.00211928]
[0.00445111]
[19.41245267]
[0.00210873]
[-0.00269823]
[-0.00269625]
[0.00211381]
[0.00652803]
[0.00213142]
[0.00652857]
[0.00213002]
[0.00212638]
[0.00212941]
[0.00213524]
[-0.00025384]
[0.00352141]
[0.07376096]
[-0.00271919]
[0.00217226]
[0.00219938]
[0.01069215]
[0.01023908]
[0.01433446]
[0.00597172]
[0.01016981]
[0.00162561]
[0.01440409]
[0.01022694]
[0.01857233]
[0.00603524]
[0.01023744]
[0.00604621]
[-0.00321948]
[0.01392826]
[0.01806073]
[0.00980115]
[-0.00325589]
[0.00601138]
[-0.01596717]
[0.00135946]
[0.03898858]
[0.02251523]
[-0.02430929]
[0.01419387]
[-0.02436247]
[-0.01603393]
[0.02665179]
[-0.00979639  0.0101292 ]
[0.00606367]
[-0.00318897]
[-0.0018347]
[ 0.00318455 -0.00413291]
[0.00294448]
[-0.09823563]
[-0.00236343]
[0.02349061]
[0.0235199]
[-0.04191048 -0.02621938  0.05238096 -0.02018592]
[0.00250829 0.00500107]
[0.01928951]
[-0.04833129]
[-0.035793]
[-0.01916382]
[-0.04830507]
[0.01512033]
[ 0.01532718 -0.01872242  0.00570029 -0.00277288 -0.01632124  0.01217499]
[0.01931456]
[-0.03087795]
[0.08665962]
[0.02004796]
[-0.04342608]
[-0.00727865]
[-0.01562063]
[-0.06213978  0.02424284]
[-0.01562386]
[-0.00729431]
[0.03953923]
[0.0017348]
[0.00225152]
[0.00224323]
[0.00224096]
[0.0022438]
[0.00224036]
[0.00225495]
[0.00224412]
[0.00652448]
[0.0065292]
[0.00653172]
[0.00652374]
[2.25470691e-16]
[1.25755086e-16]
[2.36226727e-16]
[8.15899432e-17]
[5.32613975e-17]
[0.00216103 0.00036369]
[0.00216022 0.00036354]
[0.00215943 0.00036677]
[0.0021535  0.00036199]
[0.00215733 0.00036562]
[0.00215938 0.00036417]
[2.15898606e-03 3.50422606e-04 1.28531169e-04 9.66906964e-05]
[2.16055457e-03 3.52989095e-04 1.28531561e-04 9.45797197e-05]
[ 0.00086937  0.00038423 -0.00067215 -0.0003482 ]
[ 0.00081397  0.00042177 -0.00062643 -0.00041001]
[ 0.00065175  0.00077318 -0.0004275  -0.00037247]
[9.16634034e-18 9.16634103e-18 9.16631731e-18 9.16630293e-18]
[-0.00250016 -0.00789216  0.00689997  0.00311202]
[ 0.00080829 -0.0015165  -0.00475685  0.00205085]
[-0.00104365 -0.00064506 -0.00012714 -0.00311129]
[ 9.96974647e-04 -5.23925587e-05 -1.27207082e-04 -1.25201370e-03]
[-0.00316306  0.00202092  0.00230302 -0.00078457]
[ 0.00291638 -0.00026782 -0.00262319 -0.00126523]
[ 0.02749891  0.01487332 -0.0270174  -0.01628077]
[3.04881255e-06 1.72839596e-04 4.60452714e-04 4.79761485e-04]
[-0.00331979 -0.0044663   0.00334798  0.0026244 ]
[-2.48878005e-06  6.71181939e-04  4.42637563e-04 -4.53020772e-04]
[0.03084978 0.06836227 0.04802498 0.01930554]
[-0.01124167  0.01346315 -0.00459557  0.00446342]
[2.62897864e-03 3.15353558e-04 4.23037233e-04 4.78832824e-05]
[ 0.00233867  0.00372342  0.00045945 -0.00174014]
[ 2.07352713e-05 -1.85782272e-04 -2.78813609e-04 -1.79042084e-05]
[-0.00029553 -0.00060902 -0.00059485 -0.00017476]
[-6.29041068e-05 -3.25281155e-04 -1.96790562e-04 -5.16215997e-05]
[-3.20456807e-05 -3.48029954e-04 -2.82826328e-04 -9.84343774e-05]
[-9.90525467e-05]
[0.00400962]
[0.00400578]
[0.00401581]
[0.00400216]
[0.00405605]
[ 0.00198879 -0.0008402   0.00165419  0.00241519]
[0.00465181 0.00281992 0.00301206 0.00181631]
[ 0.00279703 -0.00045727  0.00107448  0.00150568]
[0.00229953 0.0003399  0.00289713 0.00306762]
[ 0.00037413 -0.00289     0.00104193  0.00288915]
[0.00222924 0.00017011 0.00272717 0.00300632]
[0.00483826 0.00281565 0.00274494 0.00151133]
[0.00253272 0.00045204 0.00262464 0.00278103]
[ 0.00133027 -0.00207674  0.0009749   0.00223096]
[0.00461269 0.00148727 0.00117493 0.00054052]
[ 0.00176642 -0.00025797  0.00286192  0.00330671]
[ 0.00389314 -0.00026862]
[0.00448832 0.00093624]
[ 0.00393912 -0.00029333]
[ 0.00395905 -0.0002297 ]
[0.00433978 0.00058403]
[4.08505863e-03 4.48655990e-05]
[0.0041582  0.00027944]
[0.00424522 0.00044355]
[ 0.00390422 -0.00019623]
[-0.0017159  -0.00562287]
[ 0.00354203 -0.00037011]
[3.93049594e-03 1.29367707e-05]
[ 0.00158119 -0.00235433]
[-0.00026116 -0.00419209]
[-0.00129788 -0.00522993]
[1.94371690e-03 3.81136243e-05]
[0.00352826 0.00164678]
[ 0.00164933 -0.00027307]
[0.00548405 0.00363928]
[ 0.00101915 -0.00090469]
[-0.00191349 -0.00389663]
[0.00212967 0.00022302]
[0.02186524 0.02736093]
[ 0.00153401 -0.00037829]
[0.0020836 0.0001881]
[0.00211913 0.00020621]
[0.00207525 0.00014323]
[ 0.00134233 -0.00058604]
[0.00207218 0.00016194]
[0.00200555 0.0001033 ]
[0.00208011 0.00025185]
[0.00222612 0.00033249]
[0.00209872 0.00023967]
[0.00248369 0.00058075]
[0.00210164 0.00026902]
[ 1.91074437e-03 -4.26433418e-07]
[0.00208147 0.00024992]
[0.00205774 0.00013947]
[0.00206215 0.0002095 ]
[0.00219287 0.00174018]
[0.00556047 0.01125676]
[0.00208652 0.00019988]
[0.00208036 0.00024088]
[0.0021199  0.00025879]
[0.00207079 0.00023551]
[1.98037589e-03 6.79227507e-05]
[0.00207073 0.00020122]
[1.92390764e-03 2.96023000e-06]
[0.00207746 0.00024346]
[0.00249465 0.00058586]
[0.00206695 0.00021328]
[0.00297927 0.00106727]
[0.00205864 0.00020326]
[0.00256205 0.00064339]
[0.00204861 0.00016577]
[0.00216498 0.0002233 ]
[1.96957519e-03 6.10636444e-05]
[0.00230603 0.00037686]
[0.00205793 0.00017584]
[0.00213399 0.00095081]
[0.00683568 0.00932112]
[0.00211144 0.00023511]
[0.00208127 0.00023508]
[0.00210877 0.00023161]
[0.00206788 0.00024167]
[0.00204391 0.00013747]
[0.00207017 0.0002039 ]
[1.98816597e-03 7.70469679e-05]
[0.00207938 0.00025217]
[0.00274783 0.00084797]
[0.00206436 0.00020403]
[0.00297578 0.0010743 ]
[0.00204618 0.00017047]
[0.00245204 0.00052353]
[0.00202077 0.00012996]
[0.00222599 0.00029024]
[0.00205813 0.00018408]
[0.00233658 0.00040817]
[0.00205796 0.00017691]
[0.00038262 0.00124559]
[0.00511851 0.00325845]
[0.0004029  0.00126091]
[0.00220501 0.00031826]
[0.00145461 0.00505604]
[0.00537622 0.00352103]
[3.15552166e-16 3.15553623e-16]
[0.00210328 0.00028652]
[0.0020793  0.00023046]
[1.98683378e-03 7.83723657e-05]
[1.99905134e-03 9.79927353e-05]
[0.00214115 0.00025553]
[0.0021107  0.00022608]
[0.00200526 0.00010438]
[0.00243315 0.00055982]
[0.0021565  0.00026348]
[0.00413826 0.00230266]
[0.00246619 0.00058559]
[0.0040429  0.00217555]
[0.00315024 0.00127619]
[0.00536055 0.00349213]
[0.00302259 0.00113076]
[0.00316852 0.00128123]
[0.00271623 0.000812  ]
[0.00249266 0.0006037 ]
[0.00232847 0.00041757]
[0.00228559 0.00037477]
[0.00211197 0.0002787 ]
[0.00209585 0.00024873]
[1.99425920e-03 9.00929872e-05]
[0.00202128 0.00013559]
[ 1.89465681e-03 -2.96158057e-05]
[0.00202413 0.00012941]
[ 1.84678643e-03 -7.15075373e-05]
[ 1.88872592e-03 -2.13303036e-05]
[1.9237319e-03 1.2655273e-05]
[ 0.00135322 -0.00056237]
[0.00249891 0.0005965 ]
[ 0.00070576 -0.00120747]
[0.00254168 0.00063267]
[0.00215764 0.00026268]
[0.00276505 0.00085434]
[0.00337594 0.00149452]
[0.00272517 0.00081294]
[0.00226376 0.00035686]
[0.00232407 0.00039779]
[0.00222012 0.0003091 ]
[0.0021018  0.00027584]
[0.0020787  0.00023138]
[1.95661161e-03 4.62982281e-05]
[0.00202652 0.00012662]
[1.95481465e-03 4.72889693e-05]
[0.00203757 0.00014372]
[ 1.89894973e-03 -1.68626437e-05]
[0.00247516 0.00059498]
[0.00214275 0.00024545]
[ 0.00143448 -0.00047931]
[0.00214363 0.0002366 ]
[0.00211912 0.00021794]
[0.00221974 0.00031742]
[0.00385432 0.00196128]
[0.00276087 0.00085285]
[0.00255345 0.00065115]
[0.00249147 0.00056486]
[0.002675   0.00077111]
[0.00230359 0.0003733 ]
[0.00226109 0.00033572]
[0.00209124 0.00024073]
[0.00209805 0.00024065]
[0.0020669  0.00018152]
[0.00212417 0.00025792]
[0.0021175  0.00024075]
[0.0028934  0.00110147]
[1.92208875e-03 2.08420536e-05]
[0.00217361 0.00029954]
[1.90785699e-03 3.31367926e-06]
[-0.00033937 -0.00232723]
[0.00204316 0.00014777]
[0.00216671 0.00028501]
[0.00243909 0.00055104]
[0.00942155 0.00758521]
[0.0022439  0.00035276]
[-0.0003309  -0.00224233]
[0.00244425 0.00055747]
[ 0.00098125 -0.00092765]
[0.00226965 0.0003744 ]
[0.00219661 0.00029531]
[0.00210821 0.00025709]
[0.00211839 0.00027508]
[0.00208417 0.00020272]
[0.00214611 0.00028464]
[0.0020928  0.00020086]
[ 0.00145353 -0.00049734]
[1.93881471e-03 4.66151970e-05]
[0.00314234 0.00130734]
[0.00207698 0.00018277]
[ 0.00096634 -0.0009681 ]
[1.92369957e-03 1.16398679e-05]
[0.00577522 0.00393863]
[0.00219833 0.00030334]
[0.00786998 0.00601122]
[0.00252297 0.00063467]
[0.00450076 0.00261702]
[0.00242821 0.0005352 ]
[0.00393275 0.00205592]
[0.00223613 0.0003342 ]
[0.00221704 0.00031401]
[0.002104  0.0002654]
[ 0.00163775 -0.0009666 ]
[0.00201329 0.00010785]
[ 0.00045228 -0.00213086]
[0.00216336 0.00028162]
[ 0.00102233 -0.00096366]
[1.91834867e-03 1.51722281e-05]
[0.00440445 0.00262858]
[1.98816522e-03 8.13972102e-05]
[0.00216417 0.00028368]
[0.00211163 0.00021486]
[0.00665488 0.00482877]
[0.0024739  0.00056966]
[0.00297343 0.00109314]
[0.00274502 0.00085472]
[-0.00063469 -0.00254827]
[0.00251547 0.0006132 ]
[ 9.95814482e-05 -1.81461015e-03]
[0.00228439 0.00037585]
[0.002179   0.00027389]
[0.00210103 0.00026145]
[0.00210644 0.0002375 ]
[0.00204238 0.0001477 ]
[0.00213161 0.0002581 ]
[0.00210609 0.00021788]
[0.00215665 0.00028337]
[ 1.90180141e-03 -9.41968064e-06]
[0.0029479  0.00109899]
[1.92560177e-03 2.40968918e-05]
[0.00362805 0.00177151]
[0.0021101  0.00021392]
[0.00214745 0.0002659 ]
[0.00219495 0.00029515]
[-0.00191574 -0.00384109]
[0.00251119 0.00061107]
[-0.00058342 -0.00250197]
[0.00251186 0.00060971]
[0.0049353  0.00306858]
[0.00232413 0.00041567]
[0.00380938 0.00193811]
[ 0.00073939 -0.00273793]
[0.00237803 0.00122368]
[0.0039824  0.00284637]
[0.0032934  0.00205989]
[-0.00253396 -0.0050504 ]
[0.00213046 0.00024798]
[0.00223776 0.0003508 ]
[-0.00030196 -0.00238306]
[0.00249111 0.00061246]
[0.00531861 0.00354799]
[0.00218397 0.00028617]
[0.00275556 0.00086587]
[0.0024735  0.00057456]
[0.00214567 0.00025755]
[0.0029637  0.00107972]
[-0.00298751 -0.00492963]
[0.00297591 0.00109797]
[0.00429286 0.00241524]
[0.00243806 0.00053465]
[ 0.00074387 -0.00117897]
[0.00211063 0.00025131]
[0.00211242 0.00025003]
[0.00215031 0.00028132]
[0.00213194 0.00028025]
[-0.00272847 -0.00525778]
[0.00215682 0.0002869 ]
[0.00207118 0.00017297]
[0.0033894  0.00158957]
[0.0021838  0.00028299]
[0.00249081 0.00060826]
[0.00242749 0.00055409]
[0.00509078 0.00324781]
[0.00226596 0.00036876]
[0.00248697 0.00059547]
[0.00216675 0.00025854]
[ 0.00124232 -0.00065976]
[0.00293188 0.00105452]
[0.0090274  0.00719499]
[0.0024462 0.0005437]
[0.00403853 0.00216737]
[ 0.00152407 -0.00110385]
[ 0.00136391 -0.00129358]
[0.00402002 0.002866  ]
[0.00362803 0.00247819]
[0.00209122 0.00019561]
[0.00216648 0.00029196]
[0.00251976 0.00065246]
[0.00314966 0.00132871]
[0.0024949  0.00061458]
[ 0.00099323 -0.00095037]
[0.002428   0.00053301]
[ 0.0009474  -0.00097297]
[0.00222442 0.00032927]
[0.00518239 0.00331001]
[0.00278363 0.00089826]
[-0.00282639 -0.00476695]
[0.0028171  0.00093068]
[ 0.00049158 -0.00143086]
[0.00223253 0.00031615]
[0.00363766 0.00175002]
[0.00205478 0.00015086]
[0.0030077  0.00257949]
[0.00204576 0.00015961]
[0.00212297 0.00024816]
[0.00210986 0.0002187 ]
[0.00244089 0.00059921]
[0.00222699 0.00033953]
[ 0.00168209 -0.00024615]
[0.00249511 0.00061076]
[0.00216764 0.00026598]
[0.00207987 0.00017756]
[ 0.00082046 -0.00111024]
[0.00225765 0.00034761]
[1.93397790e-03 2.69353082e-05]
[0.00279387 0.00089751]
[ 0.00073003 -0.00118851]
[0.00256885 0.00065492]
[0.00406674 0.00217344]
[0.00241027 0.00049792]
[0.00220453 0.0002889 ]
[0.00215597 0.00029139]
[0.00214785 0.00028217]
[0.00222786 0.00034784]
[0.00216571 0.00028635]
[0.00229766 0.00041675]
[0.00266302 0.00083438]
[0.00255184 0.00067858]
[0.00218907 0.00030491]
[0.00273464 0.00086093]
[0.00313251 0.00126894]
[0.00248294 0.00060094]
[0.00219208 0.00030608]
[0.00245818 0.00057876]
[0.00406905 0.00220514]
[0.00262774 0.00074388]
[0.00502789 0.00316095]
[0.00250164 0.00062566]
[0.00342015 0.00154422]
[0.00236462 0.00048266]
[0.00218798 0.0003019 ]
[-0.00020437 -0.00045105]
[-0.0046919  -0.00216251]
[0.00039776 0.00067368]
[0.00339026 0.00303409]
[0.17315187 0.18484016]
[-0.0016138 -0.0043758]
[-0.05025884 -0.06058753]
[0.00215331 0.00176335]
[0.00215771 0.00026216]
[0.00257338 0.00139286]
[0.00216568 0.00028631]
[0.00247887 0.00102721]
[0.00219372 0.00031674]
[0.00217118 0.0003114 ]
[0.00221856 0.00031865]
[0.00211734 0.00019204]
[0.00222927 0.00032927]
[0.00214349 0.00021962]
[0.00226805 0.00037774]
[0.00215035 0.00023408]
[0.00223397 0.00032772]
[0.00221021 0.00031139]
[0.00215008 0.00022981]
[0.0021978  0.00029338]
[0.00232116 0.00041395]
[0.00210743 0.00019175]
[0.002434   0.00054085]
[0.00215891 0.00025084]
[0.00255992 0.00066289]
[0.00218612 0.00027223]
[0.00251288 0.00060972]
[0.00248271 0.00059448]
[0.00205271 0.00014813]
[0.00248284 0.00059242]
[0.00203439 0.00012601]
[0.00246563 0.00056918]
[0.00206501 0.00016803]
[0.00270772 0.00081916]
[ 1.80868671e-03 -9.48525866e-05]
[0.0021754  0.00027052]
[ 0.00179219 -0.00011089]
[0.00245377 0.00055407]
[0.00208831 0.00019201]
[1.95027975e-03 4.70926541e-05]
[0.0024314  0.00052997]
[0.0022108  0.00031213]
[0.00245372 0.00056223]
[0.00248768 0.00059251]
[0.002256   0.00035605]
[0.00210601 0.00020917]
[0.00224177 0.00035139]
[0.00216674 0.00027519]
[0.00229696 0.00040121]
[0.00213341 0.00024007]
[0.00224641 0.00034851]
[0.00217884 0.00028952]
[0.00218591 0.00028583]
[ 0.00064599 -0.00126286]
[0.00215574 0.00026462]
[0.00220598 0.00032191]
[ 0.00063539 -0.00131748]
[0.00220051 0.0003117 ]
[0.00217016 0.00027528]
[0.00216062 0.00026787]
[0.00223066 0.00033315]
[0.00221564 0.00033264]
[0.00222002 0.00033248]
[0.00220582 0.00032192]
[0.00223845 0.00035527]
[0.00222934 0.00034816]
[1.29264750e-16 1.27588088e-16]
[0.00217956 0.00029822]
[1.99538998e-16 1.95283520e-16]
[0.00215751 0.00026845]
[2.15991333e-17 2.12638892e-17]
[0.00214635 0.00025596]
[1.18662244e-16 1.17249399e-16]
[0.00216103 0.00028531]
[9.84466222e-17 9.77564444e-17]
[5.60621183e-17 5.57434329e-17]
[-1.80714822e-04  6.16969068e-05]
[0.01873858 0.01321803]
[0.00107912 0.00064784]
[0.01973048 0.0194958 ]
[0.00235149 0.00259856]
[-0.00445222 -0.00188533]
[0.00292873 0.00333783]
[0.00233642 0.00196397]
[ 0.00160657 -0.00097579]
[0.00216454 0.00029286]
[0.00218652 0.00032126]
[0.00259298 0.00137305]
[0.00299774 0.00174956]
[0.00215414 0.00027382]
[0.00220715 0.00029068]
[0.0021078  0.00017511]
[0.00225581 0.00035206]
[0.00211364 0.00018381]
[0.00227059 0.00037436]
[0.0021883  0.00027252]
[0.00228498 0.00037578]
[0.00245472 0.00057951]
[0.00231999 0.00041214]
[0.00246308 0.00058872]
[0.00246716 0.00057722]
[0.00204956 0.00012557]
[0.0025673  0.00067279]
[0.00243261 0.00054121]
[0.00262129 0.00072741]
[0.00225797 0.00035076]
[0.00259811 0.00070613]
[0.00247369 0.00058349]
[0.00230648 0.00040541]
[0.00270156 0.00082141]
[0.00224237 0.00033744]
[0.00266834 0.00078252]
[0.00216422 0.00026503]
[0.00219199 0.00030264]
[ 1.83214668e-03 -6.00175934e-05]
[0.00266238 0.00077042]
[ 0.00169164 -0.00020904]
[0.00212718 0.00023273]
[ 1.82877417e-03 -7.03754515e-05]
[0.00270128 0.00080615]
[0.00211221 0.00021173]
[0.00247313 0.00057344]
[0.00199747 0.00010374]
[0.00210827 0.0002169 ]
[0.00207407 0.00018289]
[0.00216286 0.0002711 ]
[1.91154467e-03 1.75226975e-05]
[0.00207128 0.00017803]
[0.00206453 0.00017428]
[0.00212183 0.00022875]
[0.00211859 0.00022518]
[0.00210243 0.00020848]
[0.00212531 0.00022727]
[0.00216205 0.00027156]
[0.00214028 0.00025556]
[0.00219644 0.00030421]
[0.00216047 0.00028102]
[0.00218671 0.00030281]
[0.00216268 0.000274  ]
[0.00215735 0.00026769]
[0.00222623 0.00034234]
[0.0022222  0.00033074]
[0.00221515 0.00033276]
[0.0022065  0.00032014]
[0.00223948 0.00036057]
[0.00222761 0.00034935]
[1.45765550e-16 1.43067307e-16]
[0.00217653 0.00029447]
[2.16960952e-17 2.12114507e-17]
[0.00215389 0.00027047]
[3.88907883e-17 3.82666893e-17]
[6.90827812e-17 6.87104341e-17]
[9.7123130e-17 9.5617707e-17]
[0.00215984 0.00028733]
[9.24964835e-17 9.18839875e-17]
[4.37924304e-17 4.36257120e-17]
[0.0001001  0.00054031]
[-0.00103488 -0.00081302]
[0.05436088 0.05323942]
[0.05312171 0.05431813]
[-0.01330974 -0.01682674]
[-0.04083812 -0.04433377]
[0.00215796 0.00027574]
[0.00215932 0.00027079]
[0.00278561 0.00163839]
[0.00216769 0.00028812]
[0.00217776 0.00029039]
[0.00217463 0.00027377]
[0.00221022 0.00030222]
[0.00223614 0.0003463 ]
[0.00223311 0.00032708]
[0.00223926 0.00034243]
[0.00228447 0.00038857]
[0.00223308 0.00033063]
[0.00238382 0.00048831]
[0.00227462 0.00036291]
[0.0023258  0.00042087]
[0.00243656 0.00054337]
[0.00239328 0.00048502]
[0.0024096  0.00051293]
[0.00249374 0.00059859]
[0.00252345 0.00063044]
[0.00257705 0.00068721]
[0.00249757 0.00060805]
[0.00246786 0.00056496]
[0.00246408 0.00056579]
[0.00250249 0.00060476]
[0.0024417  0.00054587]
[0.00258624 0.00069414]
[0.00256354 0.00067371]
[0.00220898 0.0003156 ]
[0.00232172 0.0004309 ]
[0.00202924 0.00013181]
[0.00270068 0.00081528]
[1.95989474e-03 6.94424437e-05]
[0.00209552 0.00020816]
[0.00215148 0.0002686 ]
[0.00207997 0.0001913 ]
[0.00215062 0.00027133]
[ 1.87303234e-03 -1.64812362e-05]
[0.00218724 0.00030598]
[0.0022237  0.00033742]
[0.00200807 0.00011933]
[0.00213895 0.000246  ]
[0.00212873 0.00024256]
[0.00217398 0.00028732]
[0.00220118 0.00031831]
[0.00202594 0.00013413]
[0.00214678 0.00026012]
[0.00213768 0.00025019]
[0.00208746 0.00019928]
[0.00209015 0.00021267]
[0.00212567 0.00024119]
[0.00208753 0.00020663]
[0.00216239 0.00028423]
[0.00217158 0.00028569]
[0.00215849 0.00027641]
[0.00216036 0.00027532]
[0.00222068 0.00034109]
[0.00221898 0.00034597]
[0.00220466 0.00033143]
[0.00220836 0.00033255]
[0.00223664 0.00036332]
[0.0022342 0.0003611]
[1.10435075e-16 1.08292773e-16]
[1.00221038e-16 9.85267994e-17]
[1.61948359e-16 1.58277076e-16]
[2.05078982e-16 1.99925216e-16]
[1.73596882e-16 1.70259051e-16]
[1.70837865e-16 1.48287816e-16]
[1.12066944e-16 1.10785000e-16]
[1.06922888e-16 1.05707593e-16]
[8.38065291e-17 8.31222411e-17]
[8.02228334e-17 7.97036372e-17]
[0.00218731 0.00029212]
[ 0.00167255 -0.00094265]
[0.00220038 0.00032788]
[ 0.00163719 -0.00098045]
[0.00301297 0.00186447]
[0.00222075 0.00033793]
[0.00234285 0.00044734]
[0.00228148 0.00037959]
[0.00236618 0.00046371]
[0.00230828 0.00039904]
[0.00238482 0.00049767]
[0.00240389 0.00050542]
[0.00258443 0.00069912]
[0.00254064 0.00064687]
[0.00259056 0.00069985]
[0.00266576 0.00078497]
[0.00262453 0.0007348 ]
[0.00269261 0.00080912]
[0.00240519 0.00049671]
[0.00243867 0.00052782]
[0.00245664 0.00055638]
[0.00258927 0.00068684]
[0.00301454 0.00113567]
[0.00280171 0.00091462]
[0.00312165 0.00124786]
[0.00322111 0.0013368 ]
[0.00324171 0.00136445]
[0.00290921 0.0010331 ]
[0.00330076 0.00142709]
[0.0031454  0.00126723]
[0.00318429 0.00131533]
[0.00320316 0.00132898]
[0.00240514 0.00052852]
[0.00269627 0.00081572]
[1.90617933e-03 2.60102476e-05]
[ 1.80475469e-03 -7.05517225e-05]
[ 1.82134802e-03 -5.77030130e-05]
[1.9142767e-03 3.1545317e-05]
[ 0.00172554 -0.00015711]
[ 0.00160636 -0.0002791 ]
[ 1.80544648e-03 -7.61704649e-05]
[ 0.00168419 -0.00019327]
[1.87940457e-03 1.92499285e-06]
[ 1.81686091e-03 -5.20300189e-05]
[1.95233755e-03 6.56882182e-05]
[1.88983155e-03 8.81698108e-06]
[0.00208084 0.00020723]
[0.00206316 0.00019377]
[0.00211759 0.00024834]
[0.00211959 0.00024953]
[0.00211638 0.00024612]
[0.00212885 0.00025553]
[0.00360725 0.00178045]
[0.00217581 0.00030919]
[0.00215118 0.00028498]
[0.00215613 0.00028455]
[0.00221665 0.000354  ]
[0.00221612 0.00035622]
[0.00220146 0.00033876]
[0.00219923 0.00034155]
[0.00223209 0.00036967]
[0.00223207 0.00036961]
[1.09326812e-16 1.08049514e-16]
[8.63479747e-17 8.53849433e-17]
[1.68518398e-16 1.65525529e-16]
[1.72660027e-16 1.69983505e-16]
[2.33068983e-17 2.29026101e-17]
[2.24971994e-17 2.21300359e-17]
[1.33308610e-16 1.30892117e-16]
[1.30738217e-16 1.27825725e-16]
[7.82133358e-17 7.76885706e-17]
[7.68731296e-17 7.58198528e-17]
[0.00257616 0.00142784]
[0.00208433 0.00019777]
[0.00208661 0.0001977 ]
[0.0026649  0.00151023]
[0.00207012 0.00017721]
[0.00208497 0.00021365]
[0.00208369 0.00019723]
[0.0020598 0.0001623]
[0.00203645 0.00013806]
[0.00206983 0.00017497]
[0.00208035 0.0001954 ]
[0.00204099 0.00013544]
[0.00208387 0.00017948]
[0.00204246 0.00013214]
[0.00209005 0.00019315]
[0.00214797 0.00025304]
[0.00207259 0.00015874]
[2.00806831e-03 8.93020277e-05]
[ 1.86036327e-03 -5.46375294e-05]
[ 1.87024959e-03 -5.11142104e-05]
[1.92729962e-03 1.10197530e-05]
[0.00222235 0.00031215]
[0.00213635 0.00021699]
[0.00214924 0.00023191]
[0.00221908 0.00030538]
[0.0020208  0.00010487]
[0.00218709 0.0002737 ]
[0.00211479 0.00019511]
[0.00275482 0.00085782]
[0.00267483 0.00076715]
[0.00244032 0.00053028]
[0.00240756 0.00049316]
[0.00244468 0.00054308]
[0.00298148 0.00107991]
[0.00269605 0.00079783]
[0.00290029 0.00099843]
[0.00230899 0.00040765]
[0.00222844 0.00032443]
[0.0024529 0.000554 ]
[0.00254571 0.00064418]
[0.00264474 0.00075208]
[0.00258181 0.00068287]
[0.00273278 0.00083834]
[0.00267422 0.00077658]
[0.00269099 0.00079114]
[0.00263805 0.00073906]
[0.00252187 0.00062385]
[0.00242927 0.00052544]
[0.00239409 0.00048358]
[0.00237843 0.00046806]
[0.00234118 0.00043458]
[0.00233608 0.0004197 ]
[0.0037798  0.00192027]
[0.00372048 0.00185531]
[0.00218484 0.00026445]
[0.00219291 0.00026602]
[0.00223538 0.00032167]
[0.00223942 0.00031895]
[0.00223275 0.00031347]
[0.00223268 0.00031687]
[0.00224524 0.00033308]
[0.00224984 0.00033691]
[9.93969914e-17 9.81681576e-17]
[1.15118590e-16 1.13498951e-16]
[1.99479623e-16 1.95411976e-16]
[1.89761595e-16 1.86455150e-16]
[3.43652425e-17 3.35381185e-17]
[2.40635074e-17 2.36153757e-17]
[1.29488503e-16 1.28305799e-16]
[1.39953643e-16 1.38316601e-16]
[9.32903703e-17 9.23074395e-17]
[1.15572391e-16 1.14684514e-16]
[0.06226165 0.06187559]
[0.01131868 0.01180189]
[0.04709795 0.04910322]
[-0.00171355 -0.00668072]
[0.00212298 0.00023254]
[0.0020855  0.00018349]
[0.00208517 0.00017   ]
[0.00207338 0.00016133]
[0.00214182 0.0002405 ]
[0.00218414 0.00028972]
[0.00215738 0.00026094]
[0.00222971 0.00033811]
[0.00209903 0.00018517]
[0.00214043 0.0002331 ]
[0.00216438 0.00025551]
[0.00210276 0.00018885]
[0.00243632 0.00053918]
[0.00207664 0.00016368]
[0.00246044 0.00056262]
[0.00212094 0.00020858]
[0.00217543 0.00026863]
[0.00214053 0.00022052]
[0.00218929 0.00028765]
[0.00271358 0.00081151]
[0.00295311 0.00105905]
[0.00295413 0.00105425]
[0.00272414 0.00081983]
[0.00305901 0.00115112]
[ 0.00097415 -0.00094434]
[0.00437911 0.0024855 ]
[ 0.00052078 -0.00140075]
[-0.00032456 -0.00225266]
[ 0.00168411 -0.00022016]
[-0.00055085 -0.00246546]
[0.00251606 0.00060916]
[ 0.00169785 -0.00021373]
[0.00298772 0.00109529]
[0.00252467 0.00062403]
[0.00303855 0.0011379 ]
[0.00323065 0.00132646]
[0.002506   0.00059879]
[0.00272732 0.00082196]
[0.00255279 0.00064696]
[0.00251999 0.00060724]
[0.00269844 0.00078527]
[0.00252405 0.00061033]
[0.00231664 0.00040089]
[0.00237577 0.000456  ]
[0.00226628 0.00034512]
[0.00224471 0.00031794]
[0.00225975 0.00033088]
[0.00221703 0.00029095]
[0.00220558 0.00027309]
[0.00221603 0.00029367]
[0.00218894 0.00027081]
[0.0021948  0.00026857]
[0.00224586 0.0003248 ]
[0.00224328 0.00032658]
[0.00223515 0.00031385]
[0.00223572 0.00032027]
[0.00225064 0.00033917]
[0.0022524  0.00034363]
[0.00221118 0.00028927]
[0.00220588 0.00029589]
[0.0021867  0.00027218]
[0.00218803 0.00027172]
[0.00217631 0.0002624 ]
[0.00217975 0.00026277]
[0.0021886  0.00028026]
[0.00219027 0.00028059]
[0.00222983 0.00032738]
[0.00222363 0.00033359]
